nuclides      air         ground      inhaled    thyroid    lamta(1/h)    Vg(m/s)
Ac-223      3.73E-16    8.09E-18    0.00E+00    0.00E+00    1.89E+01    1.50E-03
Ac-224      9.05E-15    1.90E-16    2.97E-08    2.68E-12    2.39E-01    1.50E-03
Ac-225      2.18E-15    4.56E-17    2.19E-06    2.64E-11    2.89E-03    1.50E-03
Ac-226      6.33E-15    1.30E-16    3.08E-07    1.01E-11    2.39E-02    1.50E-03
Ac-227      3.74E-17    9.37E-19    3.49E-04    6.49E-09    3.63E-06    1.50E-03
Ac-228      4.78E-14    9.28E-16    3.39E-08    7.79E-12    1.13E-01    1.50E-03
Ag-102      1.67E-13    3.18E-15    7.82E-12    7.43E-13    3.22E+00    1.50E-03
Ag-103      3.68E-14    7.41E-16    1.39E-11    8.88E-13    6.33E-01    1.50E-03
Ag-104      1.32E-13    2.58E-15    1.36E-11    3.36E-12    6.01E-01    1.50E-03
Ag-104m     5.82E-14    1.12E-15    1.39E-11    1.21E-12    1.24E+00    1.50E-03
Ag-105      2.45E-14    5.11E-16    1.21E-09    2.39E-10    7.04E-04    1.50E-03
Ag-106      3.39E-14    7.04E-16    7.71E-12    3.25E-13    1.74E+00    1.50E-03
Ag-106m     1.38E-13    2.72E-15    1.49E-09    3.27E-10    3.43E-03    1.50E-03
Ag-108      9.28E-16    1.99E-17    0.00E+00    0.00E+00    1.75E+01    1.50E-03
Ag-108m     7.81E-14    1.60E-15    7.66E-08    2.01E-08    6.23E-07    1.50E-03
Ag-109m     1.92E-16    9.71E-18    0.00E+00    0.00E+00    6.30E+01    1.50E-03
Ag-110      1.78E-15    3.82E-17    0.00E+00    0.00E+00    1.01E+02    1.50E-03
Ag-110m     1.36E-13    2.65E-15    2.17E-08    6.39E-09    1.16E-04    1.50E-03
Ag-111      1.29E-15    2.67E-17    1.66E-09    6.19E-12    3.88E-03    1.50E-03
Ag-112      3.34E-14    6.33E-16    1.79E-10    2.14E-12    2.22E-01    1.50E-03
Ag-115      3.61E-14    6.61E-16    1.90E-11    3.10E-13    2.08E+00    1.50E-03
Al-26       1.36E-13    2.49E-15    2.15E-08    1.44E-08    1.11E-10    1.50E-03
Al-28       9.28E-14    1.62E-15    0.00E+00    0.00E+00    1.86E+01    1.50E-03
Am-237      1.70E-14    3.54E-16    6.47E-12    5.77E-13    5.70E-01    1.50E-03
Am-238      4.33E-14    8.50E-16    2.32E-10    1.80E-12    4.24E-01    1.50E-03
Am-239      1.04E-14    2.22E-16    1.24E-10    2.87E-12    5.82E-02    1.50E-03
Am-240      5.00E-14    9.84E-16    4.96E-10    4.24E-11    1.36E-02    1.50E-03
Am-241      8.18E-16    2.75E-17    1.20E-04    1.60E-09    1.83E-07    1.50E-03
Am-242      6.15E-16    1.57E-17    1.58E-08    2.52E-12    4.33E-02    1.50E-03
Am-242m     3.17E-17    3.02E-18    1.15E-04    5.64E-10    5.21E-07    1.50E-03
Am-243      2.18E-15    5.35E-17    1.19E-04    8.29E-09    1.07E-08    1.50E-03
Am-244      3.85E-14    7.79E-16    4.47E-09    9.67E-12    6.86E-02    1.50E-03
Am-244m     6.13E-17    2.61E-18    1.90E-10    1.13E-13    1.60E+00    1.50E-03
Am-245      1.46E-15    3.10E-17    2.18E-11    3.01E-13    3.38E-01    1.50E-03
Am-246      3.28E-14    6.74E-16    1.71E-11    7.75E-13    1.07E+00    1.50E-03
Am-246m     5.03E-14    9.75E-16    9.02E-12    6.38E-13    1.66E+00    1.50E-03
Ar-37       1.27E-19    0.00E+00    0.00E+00    0.00E+00    8.25E-04    0.00E+00
Ar-39       9.10E-18    3.38E-19    0.00E+00    0.00E+00    2.94E-07    0.00E+00
Ar-41       6.50E-14    1.20E-15    0.00E+00    0.00E+00    3.79E-01    0.00E+00
As-69       4.89E-14    1.01E-15    1.32E-11    7.47E-13    2.74E+00    1.50E-03
As-70       2.04E-13    3.90E-15    3.42E-11    4.70E-12    7.91E-01    1.50E-03
As-71       2.74E-14    5.56E-16    3.44E-10    4.44E-11    1.07E-02    1.50E-03
As-72       8.78E-14    1.75E-15    1.10E-09    8.85E-11    2.67E-02    1.50E-03
As-73       1.90E-16    5.95E-18    9.34E-10    2.74E-11    3.60E-04    1.50E-03
As-74       3.65E-14    7.47E-16    2.15E-09    2.55E-10    1.63E-03    1.50E-03
As-76       2.13E-14    4.24E-16    1.01E-09    4.80E-11    2.63E-02    1.50E-03
As-77       4.31E-16    8.95E-18    2.85E-10    1.11E-11    1.79E-02    1.50E-03
As-78       6.32E-14    1.20E-15    7.22E-11    3.70E-12    4.59E-01    1.50E-03
At-207      6.52E-14    1.26E-15    6.11E-10    1.00E-10    3.85E-01    1.50E-03
At-211      1.81E-15    4.06E-17    2.22E-08    5.08E-09    9.61E-02    1.50E-03
At-215      9.22E-18    1.91E-19    0.00E+00    0.00E+00    4.16E+02    1.50E-03
At-216      6.24E-17    1.41E-18    0.00E+00    0.00E+00    1.39E+02    1.50E-03
At-217      1.48E-17    3.03E-19    0.00E+00    0.00E+00    7.73E+04    1.50E-03
At-218      1.19E-16    4.18E-18    0.00E+00    0.00E+00    1.25E+03    1.50E-03
Au-193      6.83E-15    1.53E-16    7.82E-11    2.37E-12    3.93E-02    1.50E-03
Au-194      5.29E-14    1.00E-15    2.76E-10    2.88E-11    1.75E-02    1.50E-03
Au-195      3.21E-15    7.84E-17    3.50E-09    1.08E-10    1.58E-04    1.50E-03
Au-195m     9.37E-15    1.93E-16    0.00E+00    0.00E+00    8.18E+01    1.50E-03
Au-198      1.94E-14    4.01E-16    8.87E-10    2.37E-11    1.07E-02    1.50E-03
Au-198m     2.66E-14    5.53E-16    1.31E-09    3.99E-11    1.26E-02    1.50E-03
Au-199      4.08E-15    8.45E-17    4.05E-10    6.47E-12    9.20E-03    1.50E-03
Au-200      1.37E-14    2.63E-16    2.13E-11    2.42E-13    8.59E-01    1.50E-03
Au-200m     1.03E-13    2.09E-15    5.97E-10    3.76E-11    3.71E-02    1.50E-03
Au-201      2.57E-15    5.33E-17    6.40E-12    3.69E-14    1.58E+00    1.50E-03
Ba-126      5.94E-14    1.25E-15    9.92E-11    7.59E-12    4.31E-01    1.50E-03
Ba-128      4.61E-14    9.70E-16    8.20E-10    8.95E-11    1.19E-02    1.50E-03
Ba-131      2.10E-14    4.52E-16    1.81E-10    4.62E-11    2.45E-03    1.50E-03
Ba-131m     3.04E-15    7.46E-17    1.25E-12    9.71E-14    2.85E+00    1.50E-03
Ba-133      1.78E-14    3.97E-16    2.11E-09    9.99E-10    7.37E-06    1.50E-03
Ba-133m     2.62E-15    6.59E-17    1.68E-10    1.33E-11    1.78E-02    1.50E-03
Ba-135m     2.32E-15    6.00E-17    1.36E-10    9.93E-12    2.42E-02    1.50E-03
Ba-137m     2.88E-14    5.86E-16    0.00E+00    0.00E+00    1.63E+01    1.50E-03
Ba-139      2.17E-15    4.59E-17    4.64E-11    2.40E-12    5.03E-01    1.50E-03
Ba-140      8.58E-15    1.80E-16    1.01E-09    2.56E-10    2.27E-03    1.50E-03
Ba-141      4.16E-14    8.15E-16    2.18E-11    1.33E-12    2.28E+00    1.50E-03
Ba-142      5.15E-14    1.01E-15    1.11E-11    1.27E-12    3.92E+00    1.50E-03
Be-10       1.12E-17    4.12E-19    9.58E-08    2.56E-10    4.95E-11    1.50E-03
Be-7        2.36E-15    4.89E-17    8.67E-11    3.10E-11    5.42E-04    1.50E-03
Bi-200      1.16E-13    2.32E-15    1.62E-11    2.27E-12    1.14E+00    1.50E-03
Bi-201      6.51E-14    1.29E-15    4.28E-11    4.04E-12    3.85E-01    1.50E-03
Bi-202      1.33E-13    2.61E-15    2.20E-11    4.99E-12    4.15E-01    1.50E-03
Bi-203      1.20E-13    2.23E-15    2.24E-10    2.46E-11    5.89E-02    1.50E-03
Bi-205      8.49E-14    1.58E-15    1.17E-09    2.41E-10    1.89E-03    1.50E-03
Bi-206      1.61E-13    3.14E-15    1.77E-09    2.68E-10    4.63E-03    1.50E-03
Bi-207      7.54E-14    1.48E-15    5.41E-09    1.08E-09    2.08E-06    1.50E-03
Bi-210      3.29E-17    1.05E-18    5.29E-08    6.47E-11    5.76E-03    1.50E-03
Bi-210m     1.23E-14    2.52E-16    2.05E-06    3.16E-09    2.64E-11    1.50E-03
Bi-211      2.22E-15    4.58E-17    0.00E+00    0.00E+00    1.94E+01    1.50E-03
Bi-212      7.28E-14    1.25E-15    5.17E-09    4.75E-11    6.87E-01    1.50E-03
Bi-213      8.59E-15    1.73E-16    4.16E-09    3.80E-11    9.11E-01    1.50E-03
Bi-214      7.65E-14    1.41E-15    1.68E-09    1.54E-11    2.09E+00    1.50E-03
Bk-245      1.04E-14    2.20E-16    1.19E-09    1.75E-11    5.85E-03    1.50E-03
Bk-246      4.59E-14    9.15E-16    4.63E-10    3.47E-11    1.58E-02    1.50E-03
Bk-247      4.71E-15    1.01E-16    1.55E-04    4.60E-09    5.73E-08    1.50E-03
Bk-249      8.21E-20    6.85E-21    3.75E-07    4.18E-11    9.03E-05    1.50E-03
Bk-250      4.38E-14    8.51E-16    2.04E-09    4.17E-12    2.15E-01    1.50E-03
Br-74       2.38E-13    4.04E-15    2.33E-11    3.95E-12    1.64E+00    1.50E-03
Br-74m      2.08E-13    3.79E-15    4.43E-11    7.64E-12    1.00E+00    1.50E-03
Br-75       5.84E-14    1.20E-15    3.54E-11    7.42E-12    4.24E-01    1.50E-03
Br-76       1.34E-13    2.44E-15    3.36E-10    1.57E-10    4.28E-02    1.50E-03
Br-77       1.51E-14    3.09E-16    5.75E-11    4.20E-11    1.24E-02    1.50E-03
Br-80       3.85E-15    7.89E-17    7.62E-12    4.19E-13    2.39E+00    1.50E-03
Br-80m      4.16E-15    9.59E-17    9.98E-11    1.85E-11    1.57E-01    1.50E-03
Br-82       1.30E-13    2.55E-15    3.31E-10    2.38E-10    1.96E-02    1.50E-03
Br-83       3.82E-16    8.13E-18    2.33E-11    3.29E-12    2.90E-01    1.50E-03
Br-84       9.41E-14    1.60E-15    2.61E-11    3.12E-12    1.31E+00    1.50E-03
C-11        4.89E-14    1.01E-15    3.29E-12    2.97E-12    2.04E+00    1.50E-03
C-14        2.24E-19    1.61E-20    5.64E-10    5.64E-10    1.38E-08    1.50E-03
Ca-41       0.00E+00    0.00E+00    3.64E-10    2.57E-12    5.65E-10    1.50E-03
Ca-45       8.63E-19    4.61E-20    1.79E-09    4.49E-11    1.77E-04    1.50E-03
Ca-47       5.36E-14    1.00E-15    1.77E-09    1.47E-10    6.38E-03    1.50E-03
Ca-49       1.73E-13    2.63E-15    0.00E+00    0.00E+00    4.77E+00    1.50E-03
Cd-104      1.14E-14    2.50E-16    1.50E-11    2.98E-12    7.21E-01    1.50E-03
Cd-107      6.02E-16    2.98E-17    2.94E-11    1.21E-13    1.07E-01    1.50E-03
Cd-109      2.94E-16    2.25E-17    1.22E-08    2.40E-10    6.22E-05    1.50E-03
Cd-113      1.45E-18    6.99E-20    1.06E-07    5.73E-09    8.51E-21    1.50E-03
Cd-113m     6.94E-18    2.63E-19    1.08E-07    4.72E-09    5.82E-06    1.50E-03
Cd-115      1.12E-14    2.31E-16    1.14E-09    1.71E-11    1.30E-02    1.50E-03
Cd-115m     1.17E-15    2.34E-17    1.16E-08    1.05E-10    6.48E-04    1.50E-03
Cd-117      5.45E-14    1.03E-15    1.14E-10    3.61E-12    2.78E-01    1.50E-03
Cd-117m     1.05E-13    1.88E-15    1.05E-10    8.57E-12    2.06E-01    1.50E-03
Ce-134      3.40E-14    7.21E-16    2.21E-09    3.32E-11    9.63E-03    1.50E-03
Ce-135      8.54E-14    1.75E-15    4.29E-10    2.62E-11    3.94E-02    1.50E-03
Ce-137      8.81E-16    3.65E-17    1.13E-11    1.32E-13    7.70E-02    1.50E-03
Ce-137m     1.96E-15    5.31E-17    3.82E-10    1.29E-12    2.01E-02    1.50E-03
Ce-139      6.73E-15    1.56E-16    2.45E-09    1.66E-10    2.10E-04    1.50E-03
Ce-141      3.43E-15    7.38E-17    2.42E-09    2.55E-11    8.89E-04    1.50E-03
Ce-143      1.29E-14    2.79E-16    9.16E-10    6.23E-12    2.10E-02    1.50E-03
Ce-144      2.77E-15    5.77E-17    1.01E-07    2.92E-10    1.02E-04    1.50E-03
Cf-244      6.91E-18    1.14E-18    2.64E-09    1.20E-12    2.14E+00    1.50E-03
Cf-246      5.48E-18    7.88E-19    1.62E-07    3.50E-11    1.94E-02    1.50E-03
Cf-248      4.73E-18    7.74E-19    1.37E-05    1.40E-10    8.66E-05    1.50E-03
Cf-249      1.58E-14    3.28E-16    1.03E-04    1.08E-08    2.26E-07    1.50E-03
Cf-250      4.50E-18    7.37E-19    5.57E-05    2.28E-09    6.05E-06    1.50E-03
Cf-251      5.58E-15    1.22E-16    1.05E-04    3.76E-09    8.81E-08    1.50E-03
Cf-252      5.06E-18    7.22E-19    4.24E-05    3.20E-08    3.00E-05    1.50E-03
Cf-253      3.98E-18    1.25E-19    8.43E-07    6.49E-12    1.62E-03    1.50E-03
Cf-254      1.47E-20    2.40E-21    7.93E-05    1.24E-07    4.77E-04    1.50E-03
Cl-36       2.23E-17    6.73E-19    6.06E-10    5.04E-10    2.63E-10    1.50E-03
Cl-38       7.87E-14    1.34E-15    3.62E-11    3.85E-12    1.12E+00    1.50E-03
Cl-39       7.29E-14    1.35E-15    3.06E-11    4.60E-12    7.48E-01    1.50E-03
Cm-238      3.25E-15    7.10E-17    1.44E-09    2.03E-11    2.89E-01    1.50E-03
Cm-240      6.00E-18    1.05E-18    2.17E-06    7.93E-10    1.07E-03    1.50E-03
Cm-241      2.31E-14    4.85E-16    3.97E-08    1.84E-10    8.81E-04    1.50E-03
Cm-242      5.69E-18    9.56E-19    4.67E-06    9.41E-10    1.77E-04    1.50E-03
Cm-243      5.88E-15    1.25E-16    8.30E-05    3.83E-09    2.78E-06    1.50E-03
Cm-244      4.91E-18    8.78E-19    6.70E-05    1.01E-09    4.37E-06    1.50E-03
Cm-245      3.96E-15    8.70E-17    1.23E-04    3.68E-09    9.31E-09    1.50E-03
Cm-246      4.46E-18    7.85E-19    1.22E-04    2.26E-09    1.67E-08    1.50E-03
Cm-247      1.50E-14    3.10E-16    1.12E-04    1.45E-08    5.07E-12    1.50E-03
Cm-248      3.39E-18    6.00E-19    4.47E-04    4.71E-07    2.33E-10    1.50E-03
Cm-249      9.36E-16    1.94E-17    5.22E-11    2.05E-13    6.48E-01    1.50E-03
Cm-250      0.00E+00    0.00E+00    2.54E-03    3.71E-06    1.15E-08    1.50E-03
Co-55       9.78E-14    1.93E-15    5.65E-10    3.12E-11    3.95E-02    1.50E-03
Co-56       1.83E-13    3.29E-15    1.07E-08    2.91E-09    3.67E-04    1.50E-03
Co-57       5.61E-15    1.15E-16    2.45E-09    2.71E-10    1.07E-04    1.50E-03
Co-58       4.76E-14    9.50E-16    2.94E-09    8.72E-10    4.08E-04    1.50E-03
Co-58m      8.77E-20    9.32E-21    2.54E-11    4.69E-12    7.58E-02    1.50E-03
Co-60       1.26E-13    2.35E-15    5.91E-08    1.62E-08    1.50E-05    1.50E-03
Co-60m      2.17E-16    4.42E-18    5.74E-13    6.20E-14    3.97E+00    1.50E-03
Co-61       3.94E-15    9.02E-17    2.86E-11    1.71E-13    4.20E-01    1.50E-03
Co-62m      1.37E-13    2.52E-15    9.50E-12    6.45E-13    2.99E+00    1.50E-03
Cr-48       2.06E-14    4.23E-16    2.37E-10    4.68E-11    3.02E-02    1.50E-03
Cr-49       5.03E-14    1.04E-15    1.68E-11    8.32E-13    9.88E-01    1.50E-03
Cr-51       1.51E-15    3.08E-17    9.03E-11    1.08E-11    1.04E-03    1.50E-03
Cs-125      3.22E-14    6.69E-16    1.12E-11    1.71E-12    9.24E-01    1.50E-03
Cs-126      5.24E-14    1.09E-15    0.00E+00    0.00E+00    2.54E+01    1.50E-03
Cs-127      1.93E-14    4.14E-16    1.59E-11    7.08E-12    1.11E-01    1.50E-03
Cs-128      4.32E-14    8.94E-16    0.00E+00    0.00E+00    1.07E+01    1.50E-03
Cs-129      1.24E-14    2.79E-16    4.29E-11    2.60E-11    2.16E-02    1.50E-03
Cs-130      2.45E-14    5.12E-16    8.07E-12    9.28E-13    1.39E+00    1.50E-03
Cs-131      3.28E-16    2.39E-17    4.50E-11    3.00E-11    2.98E-03    1.50E-03
Cs-132      3.34E-14    6.93E-16    3.32E-10    2.73E-10    4.46E-03    1.50E-03
Cs-134      7.57E-14    1.52E-15    1.25E-08    1.11E-08    3.84E-05    1.50E-03
Cs-134m     9.05E-16    2.59E-17    1.18E-11    3.34E-12    2.39E-01    1.50E-03
Cs-135      5.65E-19    3.33E-20    1.23E-09    1.20E-09    3.44E-11    1.50E-03
Cs-135m     7.76E-14    1.54E-15    6.68E-12    3.00E-12    7.85E-01    1.50E-03
Cs-136      1.06E-13    2.09E-15    1.98E-09    1.73E-09    2.20E-03    1.50E-03
Cs-137      2.73E-14    5.55E-16    8.63E-09    7.93E-09    2.64E-06    1.50E-03
Cs-138      1.21E-13    2.19E-15    2.74E-11    3.57E-12    1.29E+00    1.50E-03
Cu-60       1.98E-13    3.63E-15    1.56E-11    1.45E-12    1.79E+00    1.50E-03
Cu-61       3.99E-14    8.15E-16    5.06E-11    3.73E-12    2.03E-01    1.50E-03
Cu-62       4.86E-14    1.00E-15    0.00E+00    0.00E+00    4.27E+00    1.50E-03
Cu-64       9.10E-15    1.87E-16    7.48E-11    4.98E-12    5.46E-02    1.50E-03
Cu-66       4.46E-15    8.78E-17    0.00E+00    0.00E+00    8.15E+00    1.50E-03
Cu-67       5.41E-15    1.11E-16    3.32E-10    2.60E-11    1.12E-02    1.50E-03
Dy-155      2.77E-14    5.60E-16    6.00E-11    5.32E-12    6.93E-02    1.50E-03
Dy-157      1.63E-14    3.51E-16    2.16E-11    2.24E-12    8.56E-02    1.50E-03
Dy-159      1.25E-15    4.65E-17    6.56E-10    3.12E-11    2.00E-04    1.50E-03
Dy-165      1.20E-15    2.69E-17    3.62E-11    5.45E-14    2.97E-01    1.50E-03
Dy-166      1.40E-15    4.01E-17    2.02E-09    2.68E-12    8.49E-03    1.50E-03
Er-161      4.42E-14    8.83E-16    2.45E-11    3.70E-12    2.14E-01    1.50E-03
Er-165      1.11E-15    3.84E-17    8.08E-12    2.94E-13    6.69E-02    1.50E-03
Er-169      1.74E-18    8.10E-20    5.64E-10    2.81E-12    3.11E-03    1.50E-03
Er-171      1.78E-14    3.73E-16    1.52E-10    3.96E-12    9.22E-02    1.50E-03
Er-172      2.47E-14    5.15E-16    1.11E-09    3.76E-11    1.41E-02    1.50E-03
Es-250      1.90E-14    3.78E-16    1.30E-09    1.12E-12    3.30E-01    1.50E-03
Es-251      4.13E-15    9.09E-17    1.28E-09    5.28E-12    2.10E-02    1.50E-03
Es-253      1.83E-17    8.18E-19    1.07E-06    7.83E-10    1.41E-03    1.50E-03
Es-254      1.93E-16    1.27E-17    1.11E-05    2.44E-09    1.05E-04    1.50E-03
Es-254m     2.25E-14    4.60E-16    1.51E-07    4.50E-10    1.76E-02    1.50E-03
Eu-145      7.22E-14    1.38E-15    7.41E-10    1.19E-10    4.86E-03    1.50E-03
Eu-146      1.23E-13    2.42E-15    1.05E-09    1.76E-10    6.26E-03    1.50E-03
Eu-147      2.32E-14    4.83E-16    9.55E-10    1.28E-10    1.20E-03    1.50E-03
Eu-148      1.06E-13    2.12E-15    3.87E-09    1.07E-09    5.30E-04    1.50E-03
Eu-149      2.25E-15    6.41E-17    5.10E-10    3.23E-11    3.10E-04    1.50E-03
Eu-150a     2.21E-15    4.65E-17    1.82E-10    4.67E-13    5.49E-02    1.50E-03
Eu-150b     7.17E-14    1.46E-15    7.25E-08    1.63E-08    2.31E-06    1.50E-03
Eu-152      5.65E-14    1.10E-15    5.97E-08    8.25E-09    5.94E-06    1.50E-03
Eu-152m     1.42E-14    2.86E-16    2.21E-10    2.60E-12    7.44E-02    1.50E-03
Eu-154      6.14E-14    1.19E-15    7.73E-08    7.14E-09    8.99E-06    1.50E-03
Eu-155      2.49E-15    5.90E-17    1.12E-08    2.40E-10    1.60E-05    1.50E-03
Eu-156      6.75E-14    1.23E-15    3.82E-09    2.16E-10    1.90E-03    1.50E-03
Eu-157      1.17E-14    2.61E-16    3.01E-10    3.04E-12    4.58E-02    1.50E-03
Eu-158      5.27E-14    1.01E-15    2.54E-11    8.40E-13    9.06E-01    1.50E-03
F-18        4.90E-14    1.01E-15    2.11E-11    2.32E-12    3.79E-01    1.50E-03
Fe-52       1.55E-13    3.03E-15    6.07E-10    3.93E-11    8.38E-02    1.50E-03
Fe-55       0.00E+00    0.00E+00    3.61E-10    1.85E-10    2.93E-05    1.50E-03
Fe-59       5.97E-14    1.12E-15    3.30E-09    1.17E-09    6.49E-04    1.50E-03
Fe-60       2.17E-16    4.43E-18    7.29E-08    5.27E-08    7.91E-10    1.50E-03
Fm-252      5.03E-18    7.56E-19    1.14E-07    5.67E-10    3.05E-02    1.50E-03
Fm-253      3.53E-15    7.70E-17    1.56E-07    1.05E-10    9.63E-03    1.50E-03
Fm-254      6.57E-18    8.28E-19    1.57E-08    2.38E-10    2.14E-01    1.50E-03
Fm-255      1.10E-16    8.22E-18    7.21E-08    5.48E-10    3.45E-02    1.50E-03
Fm-257      4.66E-15    1.03E-16    6.32E-06    1.22E-09    2.87E-04    1.50E-03
Fr-219      1.75E-16    3.62E-18    0.00E+00    0.00E+00    1.98E+00    1.50E-03
Fr-220      5.54E-16    1.19E-17    0.00E+00    0.00E+00    9.11E+01    1.50E-03
Fr-221      1.47E-15    3.01E-17    0.00E+00    0.00E+00    8.66E+00    1.50E-03
Fr-222      5.56E-16    1.24E-17    3.32E-09    3.29E-10    2.89E+00    1.50E-03
Fr-223      2.29E-15    5.65E-17    1.68E-09    1.44E-09    1.91E+00    1.50E-03
Ga-65       5.65E-14    1.16E-15    7.61E-12    4.66E-13    2.74E+00    1.50E-03
Ga-66       1.29E-13    2.22E-15    5.03E-10    2.78E-11    7.37E-02    1.50E-03
Ga-67       7.20E-15    1.49E-16    1.51E-10    9.43E-12    8.86E-03    1.50E-03
Ga-68       4.58E-14    9.41E-16    3.07E-11    1.88E-12    6.12E-01    1.50E-03
Ga-70       4.62E-16    9.82E-18    7.24E-12    1.14E-13    1.97E+00    1.50E-03
Ga-72       1.39E-13    2.50E-15    5.02E-10    3.99E-11    4.92E-02    1.50E-03
Ga-73       1.48E-14    3.05E-16    1.03E-10    3.16E-12    1.41E-01    1.50E-03
Gd-145      1.15E-13    2.08E-15    1.04E-11    1.05E-12    1.82E+00    1.50E-03
Gd-146      9.95E-15    2.46E-16    6.02E-09    1.13E-09    5.98E-04    1.50E-03
Gd-147      6.45E-14    1.30E-15    4.07E-10    4.59E-11    1.82E-02    1.50E-03
Gd-148      0.00E+00    0.00E+00    2.38E-05    0.00E+00    8.51E-07    1.50E-03
Gd-149      1.92E-14    4.12E-16    6.18E-10    5.28E-11    3.07E-03    1.50E-03
Gd-151      2.20E-15    6.38E-17    1.21E-09    3.77E-11    2.41E-04    1.50E-03
Gd-152      0.00E+00    0.00E+00    1.75E-05    0.00E+00    7.33E-19    1.50E-03
Gd-153      3.71E-15    1.06E-16    2.56E-09    1.04E-10    1.19E-04    1.50E-03
Gd-159      2.21E-15    5.02E-17    2.64E-10    6.46E-13    3.73E-02    1.50E-03
Ge-66       3.25E-14    6.70E-16    8.56E-11    1.37E-11    3.05E-01    1.50E-03
Ge-67       6.86E-14    1.38E-15    1.44E-11    7.63E-13    2.22E+00    1.50E-03
Ge-68       4.58E-14    9.41E-16    1.40E-08    6.92E-10    1.00E-04    1.50E-03
Ge-69       4.27E-14    8.44E-16    2.27E-10    4.82E-11    1.78E-02    1.50E-03
Ge-71       7.47E-20    2.18E-20    3.31E-11    1.02E-12    2.45E-03    1.50E-03
Ge-75       1.68E-15    3.44E-17    1.83E-11    6.03E-13    5.02E-01    1.50E-03
Ge-77       5.32E-14    1.05E-15    2.85E-10    3.18E-11    6.13E-02    1.50E-03
Ge-78       1.34E-14    2.71E-16    7.75E-11    5.85E-12    4.78E-01    1.50E-03
H-3         3.31E-19    0.00E+00    2.70E-11    1.73E-11    6.41E-06    1.50E-03
Hf-170      2.52E-14    5.37E-16    2.31E-10    6.51E-11    4.33E-02    1.50E-03
Hf-172      4.06E-15    1.13E-16    8.60E-08    1.44E-08    4.23E-05    1.50E-03
Hf-173      1.85E-14    3.96E-16    1.11E-10    1.97E-11    2.89E-02    1.50E-03
Hf-175      1.69E-14    3.63E-16    1.51E-09    5.06E-10    4.13E-04    1.50E-03
Hf-177m     1.06E-13    2.20E-15    2.67E-11    3.76E-12    8.09E-01    1.50E-03
Hf-178m     1.12E-13    2.31E-15    6.65E-07    1.75E-07    2.55E-06    1.50E-03
Hf-179m     4.21E-14    8.82E-16    2.67E-09    5.77E-10    1.15E-03    1.50E-03
Hf-180m     4.74E-14    9.89E-16    6.30E-11    1.10E-11    1.26E-01    1.50E-03
Hf-181      2.62E-14    5.46E-16    4.17E-09    5.85E-10    6.81E-04    1.50E-03
Hf-182      1.14E-14    2.33E-16    8.98E-07    1.19E-07    8.79E-12    1.50E-03
Hf-182m     4.43E-14    9.10E-16    1.68E-11    2.51E-12    6.76E-01    1.50E-03
Hf-183      3.63E-14    7.34E-16    3.16E-11    3.51E-12    6.50E-01    1.50E-03
Hf-184      1.14E-14    2.40E-16    1.97E-10    2.37E-11    1.68E-01    1.50E-03
Hg-193      8.69E-15    1.92E-16    5.01E-11    3.50E-12    1.98E-01    1.50E-03
Hg-193m     5.05E-14    9.99E-16    2.08E-10    3.57E-11    6.24E-02    1.50E-03
Hg-194      6.92E-19    2.05E-19    4.70E-08    2.75E-08    3.04E-07    1.50E-03
Hg-195      9.20E-15    1.94E-16    5.58E-11    7.20E-12    7.00E-02    1.50E-03
Hg-195m     9.63E-15    2.02E-16    4.14E-10    6.97E-11    1.67E-02    1.50E-03
Hg-197      2.66E-15    6.42E-17    1.92E-10    3.09E-11    1.08E-02    1.50E-03
Hg-197m     4.05E-15    8.70E-17    3.23E-10    3.17E-11    2.91E-02    1.50E-03
Hg-199m     8.36E-15    1.77E-16    1.82E-11    2.89E-13    9.76E-01    1.50E-03
Hg-203      1.13E-14    2.32E-16    1.73E-09    7.32E-10    6.20E-04    1.50E-03
Ho-155      1.79E-14    3.82E-16    1.21E-11    7.08E-13    8.66E-01    1.50E-03
Ho-157      2.24E-14    4.83E-16    1.41E-12    1.52E-13    3.30E+00    1.50E-03
Ho-159      1.60E-14    3.58E-16    1.76E-12    1.73E-13    1.26E+00    1.50E-03
Ho-161      1.73E-15    6.15E-17    4.20E-12    7.45E-14    2.77E-01    1.50E-03
Ho-162      7.35E-15    1.63E-16    6.36E-13    3.56E-14    2.77E+00    1.50E-03
Ho-162m     2.74E-14    5.51E-16    6.80E-12    6.92E-13    6.12E-01    1.50E-03
Ho-164      9.05E-16    3.03E-17    2.35E-12    7.88E-15    1.43E+00    1.50E-03
Ho-164m     1.32E-15    4.63E-17    5.14E-12    2.46E-14    1.11E+00    1.50E-03
Ho-166      1.42E-15    3.01E-17    8.48E-10    4.66E-13    2.59E-02    1.50E-03
Ho-166m     8.45E-14    1.70E-15    2.09E-07    2.14E-08    6.59E-08    1.50E-03
Ho-167      1.73E-14    3.59E-16    2.94E-11    9.54E-13    2.24E-01    1.50E-03
I-120       1.38E-13    2.56E-15    1.20E-10    1.55E-09    5.13E-01    1.50E-03
I-120m      2.65E-13    5.02E-15    7.15E-11    5.84E-10    7.85E-01    1.50E-03
I-121       1.94E-14    4.09E-16    3.21E-11    7.54E-10    3.27E-01    1.50E-03
I-122       4.56E-14    9.40E-16    0.00E+00    0.00E+00    1.15E+01    1.50E-03
I-123       7.28E-15    1.66E-16    8.01E-11    2.25E-09    5.25E-02    1.50E-03
I-124       5.38E-14    1.05E-15    5.23E-09    1.69E-07    6.91E-03    1.50E-03
I-125       5.22E-16    4.27E-17    6.53E-09    2.16E-07    4.80E-04    1.50E-03
I-126       2.15E-14    4.47E-16    1.20E-08    3.94E-07    2.22E-03    1.50E-03
I-128       4.16E-15    8.77E-17    1.28E-11    5.34E-11    1.66E+00    1.50E-03
I-129       3.80E-16    2.58E-17    4.69E-08    1.56E-06    5.04E-12    1.50E-03
I-130       1.04E-13    2.10E-15    7.14E-10    1.99E-08    5.61E-02    1.50E-03
I-131       1.82E-14    3.76E-16    8.89E-09    2.92E-07    3.59E-03    1.50E-03
I-132       1.12E-13    2.21E-15    1.03E-10    1.74E-09    3.01E-01    1.50E-03
I-132m      1.53E-14    3.15E-16    8.10E-11    1.65E-09    4.97E-01    1.50E-03
I-133       2.94E-14    5.97E-16    1.58E-09    4.86E-08    3.33E-02    1.50E-03
I-134       1.30E-13    2.53E-15    3.55E-11    2.88E-10    7.91E-01    1.50E-03
I-135       8.29E-14    1.53E-15    3.32E-10    8.46E-09    1.05E-01    1.50E-03
In-109      3.21E-14    6.46E-16    2.29E-11    3.41E-12    1.65E-01    1.50E-03
In-110a     7.62E-14    1.51E-15    6.79E-11    1.83E-11    6.02E-01    1.50E-03
In-110b     1.49E-13    2.96E-15    2.92E-11    2.59E-12    1.41E-01    1.50E-03
In-111      1.86E-14    3.90E-16    2.27E-10    1.91E-11    1.02E-02    1.50E-03
In-112      1.26E-14    2.64E-16    2.06E-12    1.01E-13    2.89E+00    1.50E-03
In-113m     1.21E-14    2.54E-16    9.04E-12    6.12E-13    4.18E-01    1.50E-03
In-114      1.39E-16    2.70E-18    0.00E+00    0.00E+00    3.47E+01    1.50E-03
In-114m     4.31E-15    9.41E-17    1.51E-08    6.20E-10    5.83E-04    1.50E-03
In-115      4.50E-18    1.81E-19    2.76E-07    3.16E-08    1.55E-20    1.50E-03
In-115m     7.39E-15    1.58E-16    3.40E-11    1.19E-12    1.55E-01    1.50E-03
In-116m     1.25E-13    2.32E-15    1.52E-11    2.61E-12    7.68E-01    1.50E-03
In-117      3.31E-14    6.79E-16    7.80E-12    7.16E-13    9.50E-01    1.50E-03
In-117m     4.19E-15    8.96E-17    4.09E-11    1.62E-12    3.57E-01    1.50E-03
In-119      3.74E-14    7.53E-16    0.00E+00    0.00E+00    1.73E+01    1.50E-03
In-119m     6.14E-16    1.69E-17    1.02E-11    1.53E-13    2.31E+00    1.50E-03
Ir-182      6.50E-14    1.31E-15    1.31E-11    6.43E-13    2.77E+00    1.50E-03
Ir-184      9.38E-14    1.82E-15    5.71E-11    5.51E-12    2.30E-01    1.50E-03
Ir-185      2.94E-14    5.52E-16    1.48E-10    1.03E-11    4.95E-02    1.50E-03
Ir-186a     8.06E-14    1.56E-15    2.46E-10    2.00E-11    4.39E-02    1.50E-03
Ir-186b     4.65E-14    9.30E-16    0.00E+00    0.00E+00    3.96E-01    1.50E-03
Ir-187      1.68E-14    3.51E-16    5.67E-11    3.37E-12    6.60E-02    1.50E-03
Ir-188      8.01E-14    1.46E-15    4.17E-10    3.95E-11    1.67E-02    1.50E-03
Ir-189      3.21E-15    7.69E-17    4.46E-10    1.06E-11    2.17E-03    1.50E-03
Ir-190      6.86E-14    1.41E-15    1.73E-09    2.30E-10    2.39E-03    1.50E-03
Ir-190m     1.27E-19    3.81E-20    8.24E-12    9.46E-13    5.78E-01    1.50E-03
Ir-190n     7.39E-14    1.53E-15    0.00E+00    0.00E+00    2.24E-01    1.50E-03
Ir-191m     3.02E-15    6.91E-17    0.00E+00    0.00E+00    5.05E+02    1.50E-03
Ir-192      3.91E-14    8.03E-16    7.61E-09    6.51E-10    3.90E-04    1.50E-03
Ir-192m     7.63E-15    1.55E-16    1.04E-07    1.08E-08    3.28E-07    1.50E-03
Ir-194      4.54E-15    9.16E-17    7.84E-10    2.04E-12    3.62E-02    1.50E-03
Ir-194m     1.12E-13    2.30E-15    1.85E-08    4.04E-09    1.69E-04    1.50E-03
Ir-195      2.32E-15    5.52E-17    3.75E-11    1.45E-13    2.77E-01    1.50E-03
Ir-195m     1.93E-14    4.07E-16    6.74E-11    1.50E-12    1.82E-01    1.50E-03
K-38        1.64E-13    2.92E-15    0.00E+00    0.00E+00    5.45E+00    1.50E-03
K-40        8.05E-15    1.46E-16    3.34E-09    3.06E-09    6.18E-14    1.50E-03
K-42        1.46E-14    2.66E-16    3.67E-10    1.05E-10    5.61E-02    1.50E-03
K-43        4.67E-14    9.55E-16    1.87E-10    9.45E-11    3.07E-02    1.50E-03
K-44        1.19E-13    2.04E-15    2.24E-11    2.38E-12    1.88E+00    1.50E-03
K-45        9.67E-14    1.69E-15    1.39E-11    1.44E-12    2.08E+00    1.50E-03
Kr-74       5.59E-14    1.15E-15    0.00E+00    0.00E+00    3.62E+00    0.00E+00
Kr-76       2.03E-14    4.20E-16    0.00E+00    0.00E+00    4.68E-02    0.00E+00
Kr-77       4.86E-14    9.99E-16    0.00E+00    0.00E+00    5.57E-01    0.00E+00
Kr-79       1.21E-14    2.47E-16    0.00E+00    0.00E+00    1.98E-02    0.00E+00
Kr-81       2.67E-16    6.15E-18    0.00E+00    0.00E+00    3.77E-10    0.00E+00
Kr-81m      6.14E-15    1.24E-16    0.00E+00    0.00E+00    1.92E+02    0.00E+00
Kr-83m      1.50E-18    3.80E-19    0.00E+00    0.00E+00    3.79E-01    0.00E+00
Kr-85       1.19E-16    2.64E-18    0.00E+00    0.00E+00    7.38E-06    0.00E+00
Kr-85m      7.48E-15    1.52E-16    0.00E+00    0.00E+00    1.55E-01    0.00E+00
Kr-87       4.12E-14    7.32E-16    0.00E+00    0.00E+00    5.45E-01    0.00E+00
Kr-88       1.02E-13    1.74E-15    0.00E+00    0.00E+00    2.44E-01    0.00E+00
La-131      3.14E-14    6.61E-16    1.11E-11    1.14E-12    7.05E-01    1.50E-03
La-132      1.00E-13    1.90E-15    1.39E-10    1.11E-11    1.44E-01    1.50E-03
La-134      3.35E-14    6.93E-16    0.00E+00    0.00E+00    6.24E+00    1.50E-03
La-135      9.21E-16    3.71E-17    1.60E-11    4.37E-13    3.55E-02    1.50E-03
La-137      4.06E-16    2.57E-17    6.27E-09    6.34E-10    1.32E-09    1.50E-03
La-138      6.20E-14    1.16E-15    9.63E-08    2.18E-08    5.86E-16    1.50E-03
La-140      1.17E-13    2.16E-15    1.31E-09    6.87E-11    1.72E-02    1.50E-03
La-141      2.39E-15    4.54E-17    1.52E-10    2.45E-12    1.76E-01    1.50E-03
La-142      1.44E-13    2.46E-15    5.50E-11    4.91E-12    4.50E-01    1.50E-03
La-143      5.18E-15    9.71E-17    1.62E-11    2.44E-13    2.92E+00    1.50E-03
Lu-169      5.09E-14    9.86E-16    3.64E-10    2.69E-11    2.04E-02    1.50E-03
Lu-170      1.28E-13    2.24E-15    6.96E-10    6.67E-11    1.44E-02    1.50E-03
Lu-171      3.25E-14    6.80E-16    8.07E-10    7.85E-11    3.51E-03    1.50E-03
Lu-172      9.25E-14    1.81E-15    1.35E-09    1.76E-10    4.31E-03    1.50E-03
Lu-173      5.10E-15    1.28E-16    6.09E-09    3.56E-10    5.78E-05    1.50E-03
Lu-174      5.46E-15    1.20E-16    1.07E-08    6.51E-10    2.39E-05    1.50E-03
Lu-174m     2.18E-15    6.04E-17    6.86E-09    1.26E-10    2.03E-04    1.50E-03
Lu-176      2.32E-14    4.78E-16    1.79E-07    8.24E-09    2.20E-15    1.50E-03
Lu-176m     5.87E-16    1.47E-17    7.21E-11    3.71E-14    1.88E-01    1.50E-03
Lu-177      1.62E-15    3.39E-17    6.63E-10    2.47E-12    4.30E-03    1.50E-03
Lu-177m     4.67E-14    9.77E-16    1.98E-08    1.37E-09    1.79E-04    1.50E-03
Lu-178      7.09E-15    1.34E-16    1.26E-11    5.92E-14    1.46E+00    1.50E-03
Lu-178m     5.23E-14    1.09E-15    8.84E-12    3.96E-13    1.83E+00    1.50E-03
Lu-179      1.52E-15    3.13E-17    9.13E-11    1.08E-13    1.51E-01    1.50E-03
Md-257      5.03E-15    1.08E-16    1.55E-08    3.48E-11    1.33E-01    1.50E-03
Md-258      5.08E-17    4.51E-18    4.47E-06    1.24E-09    5.25E-04    1.50E-03
Mg-28       1.61E-13    2.92E-15    1.33E-09    1.07E-10    3.31E-02    1.50E-03
Mn-51       4.80E-14    9.91E-16    2.55E-11    1.39E-12    9.00E-01    1.50E-03
Mn-52       1.72E-13    3.29E-15    1.54E-09    3.41E-10    5.17E-03    1.50E-03
Mn-52m      1.20E-13    2.30E-15    1.50E-11    1.08E-12    1.97E+00    1.50E-03
Mn-53       0.00E+00    0.00E+00    1.35E-10    2.78E-12    2.14E-11    1.50E-03
Mn-54       4.09E-14    8.12E-16    1.81E-09    7.40E-10    9.24E-05    1.50E-03
Mn-56       8.61E-14    1.58E-15    8.91E-11    6.18E-12    2.69E-01    1.50E-03
Mo-101      6.87E-14    1.29E-15    9.87E-12    4.22E-13    2.84E+00    1.50E-03
Mo-90       3.93E-14    7.96E-16    3.34E-10    2.14E-11    1.22E-01    1.50E-03
Mo-93       2.52E-17    5.34E-18    7.68E-09    1.17E-11    2.26E-08    1.50E-03
Mo-93m      1.13E-13    2.12E-15    1.04E-10    1.23E-11    1.01E-01    1.50E-03
Mo-99       7.28E-15    1.47E-16    1.07E-09    1.52E-11    1.05E-02    1.50E-03
N-13        4.90E-14    1.01E-15    0.00E+00    0.00E+00    4.17E+00    1.50E-03
Na-22       1.08E-13    2.10E-15    2.07E-09    1.60E-09    3.04E-05    1.50E-03
Na-24       2.18E-13    3.61E-15    3.27E-10    1.53E-10    4.62E-02    1.50E-03
Nb-88       2.02E-13    4.01E-15    7.27E-12    7.68E-13    2.91E+00    1.50E-03
Nb-89a      9.26E-14    1.90E-15    4.83E-11    3.30E-12    6.30E-01    1.50E-03
Nb-89b      6.98E-14    1.32E-15    1.11E-10    4.42E-12    3.41E-01    1.50E-03
Nb-90       2.17E-13    3.84E-15    6.19E-10    4.54E-11    4.75E-02    1.50E-03
Nb-93m      4.44E-18    9.39E-19    7.90E-09    1.14E-11    5.82E-06    1.50E-03
Nb-94       7.70E-14    1.53E-15    1.12E-07    2.22E-08    3.90E-09    1.50E-03
Nb-95       3.74E-14    7.48E-16    1.57E-09    3.58E-10    8.22E-04    1.50E-03
Nb-95m      2.93E-15    6.26E-17    6.59E-10    3.86E-11    8.00E-03    1.50E-03
Nb-96       1.21E-13    2.39E-15    6.19E-10    4.81E-11    2.97E-02    1.50E-03
Nb-97       3.18E-14    6.45E-16    2.24E-11    9.20E-13    5.77E-01    1.50E-03
Nb-97m      3.55E-14    7.12E-16    0.00E+00    0.00E+00    4.16E+01    1.50E-03
Nb-98       1.21E-13    2.33E-15    3.31E-11    2.30E-12    8.08E-01    1.50E-03
Nd-136      1.27E-14    2.90E-16    3.12E-11    2.06E-12    8.21E-01    1.50E-03
Nd-138      4.05E-14    8.57E-16    2.78E-10    4.13E-12    1.38E-01    1.50E-03
Nd-139      1.90E-14    4.00E-16    5.73E-12    2.88E-13    1.40E+00    1.50E-03
Nd-139m     7.86E-14    1.57E-15    1.02E-10    9.61E-12    1.26E-01    1.50E-03
Nd-141      2.88E-15    7.55E-17    2.78E-12    1.43E-13    2.78E-01    1.50E-03
Nd-141m     3.70E-14    7.42E-16    0.00E+00    0.00E+00    4.00E+01    1.50E-03
Nd-147      6.19E-15    1.39E-16    1.85E-09    1.82E-11    2.63E-03    1.50E-03
Nd-149      1.81E-14    3.77E-16    6.05E-11    6.24E-13    4.01E-01    1.50E-03
Nd-151      4.48E-14    8.82E-16    8.43E-12    2.48E-13    3.34E+00    1.50E-03
Ne-19       4.92E-14    1.02E-15    0.00E+00    0.00E+00    1.45E+02    0.00E+00
Ni-56       8.41E-14    1.66E-15    1.09E-09    3.27E-10    4.73E-03    1.50E-03
Ni-57       9.69E-14    1.80E-15    5.11E-10    5.16E-11    1.92E-02    1.50E-03
Ni-59       0.00E+00    0.00E+00    2.48E-10    1.14E-10    1.06E-09    1.50E-03
Ni-63       0.00E+00    0.00E+00    6.22E-10    2.47E-10    8.24E-07    1.50E-03
Ni-65       2.79E-14    5.15E-16    5.99E-11    2.30E-12    2.75E-01    1.50E-03
Ni-66       4.46E-15    8.78E-17    2.25E-09    2.75E-11    1.27E-02    1.50E-03
Np-232      5.80E-14    1.16E-15    3.39E-10    3.81E-13    2.83E+00    1.50E-03
Np-233      3.85E-15    8.39E-17    5.87E-13    6.10E-14    1.15E+00    1.50E-03
Np-234      7.26E-14    1.33E-15    5.49E-10    6.85E-11    6.56E-03    1.50E-03
Np-235      5.10E-17    3.65E-18    1.12E-09    3.13E-12    7.29E-05    1.50E-03
Np-236a     5.36E-15    1.20E-16    2.81E-05    6.29E-09    6.88E-10    1.50E-03
Np-236b     2.14E-15    4.67E-17    2.23E-08    2.00E-12    3.08E-02    1.50E-03
Np-237      1.03E-15    2.87E-17    1.46E-04    1.34E-08    3.70E-11    1.50E-03
Np-238      2.72E-14    5.29E-16    1.00E-08    2.45E-11    1.36E-02    1.50E-03
Np-239      7.69E-15    1.63E-16    6.78E-10    7.62E-12    1.23E-02    1.50E-03
Np-240      6.31E-14    1.27E-15    2.20E-11    1.98E-12    6.40E-01    1.50E-03
Np-240m     1.62E-14    3.27E-16    0.00E+00    0.00E+00    5.62E+00    1.50E-03
O-15        4.91E-14    1.01E-15    0.00E+00    0.00E+00    2.04E+01    1.50E-03
Os-180      2.30E-15    6.02E-17    3.73E-12    5.39E-13    1.89E+00    1.50E-03
Os-181      5.94E-14    1.17E-15    3.62E-11    3.18E-12    3.96E-01    1.50E-03
Os-182      2.01E-14    4.25E-16    3.73E-10    2.43E-11    3.15E-02    1.50E-03
Os-185      3.43E-14    7.04E-16    2.68E-09    7.86E-10    3.07E-04    1.50E-03
Os-189m     1.06E-19    3.13E-20    8.07E-12    8.15E-15    1.16E-01    1.50E-03
Os-190m     7.60E-14    1.56E-15    0.00E+00    0.00E+00    4.20E+00    1.50E-03
Os-191      3.21E-15    7.38E-17    1.13E-09    1.43E-11    1.88E-03    1.50E-03
Os-191m     2.75E-16    7.19E-18    8.20E-11    5.84E-13    5.32E-02    1.50E-03
Os-193      3.40E-15    7.23E-17    5.41E-10    2.04E-12    2.31E-02    1.50E-03
Os-194      2.75E-17    1.14E-18    1.81E-07    1.37E-09    1.32E-05    1.50E-03
P-30        4.94E-14    1.02E-15    0.00E+00    0.00E+00    1.66E+01    1.50E-03
P-32        9.90E-17    2.91E-18    1.64E-09    4.83E-10    2.02E-03    1.50E-03
P-33        8.23E-19    4.46E-20    1.71E-10    6.96E-11    1.14E-03    1.50E-03
Pa-227      1.03E-15    2.39E-17    1.32E-08    5.63E-14    1.09E+00    1.50E-03
Pa-228      5.54E-14    1.09E-15    1.19E-07    2.74E-11    3.15E-02    1.50E-03
Pa-230      3.13E-14    6.26E-16    3.98E-07    1.53E-10    1.66E-03    1.50E-03
Pa-231      1.72E-15    4.07E-17    2.32E-04    4.45E-09    2.42E-09    1.50E-03
Pa-232      4.56E-14    9.06E-16    1.88E-08    2.44E-11    2.20E-02    1.50E-03
Pa-233      9.35E-15    1.95E-16    2.58E-09    5.62E-11    1.07E-03    1.50E-03
Pa-234      9.34E-14    1.84E-15    2.20E-10    1.23E-11    1.03E-01    1.50E-03
Pa-234m     7.19E-16    1.53E-17    0.00E+00    0.00E+00    3.55E+01    1.50E-03
Pb-195m     7.68E-14    1.55E-15    8.37E-12    1.45E-12    2.63E+00    1.50E-03
Pb-198      2.04E-14    4.25E-16    2.08E-11    4.81E-12    2.89E-01    1.50E-03
Pb-199      7.31E-14    1.39E-15    1.97E-11    4.35E-12    4.62E-01    1.50E-03
Pb-200      9.20E-15    1.98E-16    2.14E-10    4.28E-11    3.22E-02    1.50E-03
Pb-201      3.63E-14    7.33E-16    7.09E-11    1.33E-11    7.37E-02    1.50E-03
Pb-202      4.52E-19    1.34E-19    2.65E-08    1.49E-08    2.64E-10    1.50E-03
Pb-202m     9.96E-14    1.99E-15    4.83E-11    1.35E-11    1.91E-01    1.50E-03
Pb-203      1.44E-14    3.01E-16    1.43E-10    2.34E-11    1.33E-02    1.50E-03
Pb-205      5.06E-19    1.50E-19    1.06E-09    5.51E-11    5.53E-12    1.50E-03
Pb-209      8.12E-18    3.01E-19    2.56E-11    1.48E-12    2.13E-01    1.50E-03
Pb-210      5.64E-17    2.48E-18    3.67E-06    3.18E-07    3.55E-06    1.50E-03
Pb-211      4.71E-15    9.66E-17    2.35E-09    1.63E-10    1.15E+00    1.50E-03
Pb-212      1.61E-14    3.22E-16    5.08E-08    3.47E-09    6.51E-02    1.50E-03
Pb-214      1.18E-14    2.44E-16    2.11E-09    1.62E-10    1.55E+00    1.50E-03
Pd-100      4.65E-15    1.20E-16    1.06E-09    1.19E-10    7.96E-03    1.50E-03
Pd-101      1.53E-14    3.22E-16    5.03E-11    3.52E-12    8.38E-02    1.50E-03
Pd-103      8.56E-17    1.22E-17    4.25E-10    1.43E-13    1.70E-03    1.50E-03
Pd-107      0.00E+00    0.00E+00    3.45E-09    1.05E-13    1.22E-11    1.50E-03
Pd-109      2.51E-16    1.12E-17    2.96E-10    1.55E-13    5.16E-02    1.50E-03
Pm-141      3.60E-14    7.29E-16    8.56E-12    2.96E-13    1.99E+00    1.50E-03
Pm-142      4.22E-14    8.66E-16    0.00E+00    0.00E+00    6.16E+01    1.50E-03
Pm-143      1.46E-14    3.10E-16    2.94E-09    7.74E-10    1.09E-04    1.50E-03
Pm-144      7.48E-14    1.54E-15    1.45E-08    4.98E-09    7.96E-05    1.50E-03
Pm-145      7.09E-16    3.26E-17    8.23E-09    1.72E-10    4.47E-06    1.50E-03
Pm-146      3.59E-14    7.41E-16    3.96E-08    6.33E-09    1.43E-05    1.50E-03
Pm-147      6.93E-19    3.41E-20    1.06E-08    1.98E-14    3.02E-05    1.50E-03
Pm-148      2.89E-14    5.48E-16    2.95E-09    3.82E-11    5.38E-03    1.50E-03
Pm-148m     9.68E-14    1.96E-15    6.10E-09    1.05E-09    6.99E-04    1.50E-03
Pm-149      5.41E-16    1.13E-17    7.93E-10    3.31E-13    1.31E-02    1.50E-03
Pm-150      7.17E-14    1.36E-15    9.79E-11    3.54E-12    2.59E-01    1.50E-03
Pm-151      1.51E-14    3.15E-16    4.73E-10    6.18E-12    2.44E-02    1.50E-03
Po-203      8.12E-14    1.56E-15    1.99E-11    2.97E-12    1.13E+00    1.50E-03
Po-205      7.80E-14    1.51E-15    2.80E-11    5.71E-12    3.85E-01    1.50E-03
Po-207      6.51E-14    1.28E-15    4.77E-11    9.82E-12    1.19E-01    1.50E-03
Po-210      4.16E-19    8.29E-21    2.32E-06    1.26E-07    2.09E-04    1.50E-03
Po-211      3.81E-16    7.61E-18    0.00E+00    0.00E+00    4.84E+03    1.50E-03
Po-212      0.00E+00    0.00E+00    0.00E+00    0.00E+00    8.18E+09    1.50E-03
Po-213      0.00E+00    0.00E+00    0.00E+00    0.00E+00    5.94E+08    1.50E-03
Po-214      4.08E-18    8.13E-20    0.00E+00    0.00E+00    1.52E+07    1.50E-03
Po-215      8.43E-18    1.74E-19    0.00E+00    0.00E+00    1.40E+06    1.50E-03
Po-216      8.29E-19    1.65E-20    0.00E+00    0.00E+00    1.66E+04    1.50E-03
Po-218      4.72E-19    9.72E-21    0.00E+00    0.00E+00    1.36E+01    1.50E-03
Pr-136      1.03E-13    2.02E-15    6.68E-12    4.86E-13    3.17E+00    1.50E-03
Pr-137      2.36E-14    4.93E-16    1.29E-11    6.83E-13    5.43E-01    1.50E-03
Pr-138      3.92E-14    8.13E-16    0.00E+00    0.00E+00    2.87E+01    1.50E-03
Pr-138m     1.21E-13    2.40E-15    3.65E-11    5.68E-12    3.30E-01    1.50E-03
Pr-139      5.17E-15    1.22E-16    1.56E-11    6.74E-13    1.54E-01    1.50E-03
Pr-142      3.15E-15    5.78E-17    7.79E-10    6.38E-13    3.62E-02    1.50E-03
Pr-142m     0.00E+00    0.00E+00    9.98E-12    8.08E-15    2.85E+00    1.50E-03
Pr-143      2.10E-17    7.01E-19    2.19E-09    1.68E-18    2.13E-03    1.50E-03
Pr-144      1.95E-15    3.78E-17    1.17E-11    8.47E-15    2.41E+00    1.50E-03
Pr-144m     2.79E-16    1.30E-17    0.00E+00    0.00E+00    5.78E+00    1.50E-03
Pr-145      7.36E-16    1.56E-17    1.82E-10    7.96E-14    1.16E-01    1.50E-03
Pr-147      4.15E-14    8.39E-16    8.22E-12    2.17E-13    3.06E+00    1.50E-03
Pt-186      3.53E-14    7.24E-16    3.58E-11    6.95E-12    3.47E-01    1.50E-03
Pt-188      8.86E-15    1.94E-16    8.48E-10    2.69E-10    2.83E-03    1.50E-03
Pt-189      1.48E-14    3.14E-16    4.84E-11    8.42E-12    6.38E-02    1.50E-03
Pt-191      1.34E-14    2.96E-16    1.66E-10    3.41E-11    1.03E-02    1.50E-03
Pt-193      3.98E-19    1.19E-19    6.14E-11    1.42E-11    1.58E-06    1.50E-03
Pt-193m     4.15E-16    1.04E-17    2.37E-10    3.50E-11    6.67E-03    1.50E-03
Pt-195m     2.84E-15    6.87E-17    3.29E-10    5.04E-11    7.18E-03    1.50E-03
Pt-197      1.01E-15    2.27E-17    1.53E-10    1.41E-11    3.79E-02    1.50E-03
Pt-197m     3.49E-15    7.77E-17    3.31E-11    2.62E-12    4.41E-01    1.50E-03
Pt-199      9.73E-15    2.00E-16    1.23E-11    9.03E-13    1.35E+00    1.50E-03
Pt-200      1.63E-14    3.20E-16    4.71E-10    4.16E-11    5.55E-02    1.50E-03
Pu-234      2.85E-15    6.26E-17    7.40E-09    5.81E-12    7.88E-02    1.50E-03
Pu-235      3.92E-15    8.65E-17    6.17E-13    3.79E-14    1.64E+00    1.50E-03
Pu-236      6.35E-18    9.81E-19    3.50E-05    8.38E-10    2.78E-05    1.50E-03
Pu-237      2.02E-15    4.65E-17    5.33E-10    2.18E-11    6.38E-04    1.50E-03
Pu-238      4.88E-18    8.38E-19    7.79E-05    3.86E-10    9.02E-07    1.50E-03
Pu-239      4.24E-18    3.67E-19    8.33E-05    3.75E-10    3.29E-09    1.50E-03
Pu-240      4.75E-18    8.03E-19    8.33E-05    3.76E-10    1.21E-08    1.50E-03
Pu-241      7.25E-20    1.93E-21    1.34E-06    9.15E-12    5.49E-06    1.50E-03
Pu-242      4.01E-18    6.67E-19    7.92E-05    3.71E-10    2.10E-10    1.50E-03
Pu-243      1.03E-15    2.41E-17    4.44E-11    1.13E-13    1.40E-01    1.50E-03
Pu-244      2.97E-18    5.58E-19    7.82E-05    1.27E-08    9.58E-13    1.50E-03
Pu-245      1.99E-14    4.04E-16    3.55E-10    3.98E-12    6.60E-02    1.50E-03
Pu-246      3.88E-14    8.07E-16    5.81E-09    1.14E-10    2.66E-03    1.50E-03
Ra-222      4.75E-16    9.74E-18    0.00E+00    0.00E+00    6.57E+01    1.50E-03
Ra-223      8.77E-15    1.83E-16    2.12E-06    3.38E-08    2.53E-03    1.50E-03
Ra-224      4.90E-16    9.95E-18    8.53E-07    1.53E-08    7.89E-03    1.50E-03
Ra-225      2.79E-16    1.33E-17    2.10E-06    3.07E-08    1.95E-03    1.50E-03
Ra-226      3.15E-16    6.44E-18    2.32E-06    1.02E-07    4.95E-08    1.50E-03
Ra-227      7.41E-15    1.59E-16    7.68E-11    2.30E-12    9.86E-01    1.50E-03
Ra-228      0.00E+00    0.00E+00    1.29E-06    1.83E-07    1.38E-05    1.50E-03
Rb-79       6.51E-14    1.34E-15    1.33E-11    1.53E-12    1.82E+00    1.50E-03
Rb-80       6.07E-14    1.25E-15    0.00E+00    0.00E+00    7.34E+01    1.50E-03
Rb-81       2.96E-14    6.07E-16    3.51E-11    1.03E-11    1.51E-01    1.50E-03
Rb-81m      1.88E-16    5.43E-18    5.43E-12    1.35E-12    1.30E+00    1.50E-03
Rb-82       5.30E-14    1.09E-15    0.00E+00    0.00E+00    3.20E+01    1.50E-03
Rb-82m      1.43E-13    2.81E-15    7.83E-11    4.37E-11    1.12E-01    1.50E-03
Rb-83       2.39E-14    4.92E-16    1.33E-09    1.10E-09    3.35E-04    1.50E-03
Rb-84       4.47E-14    8.90E-16    1.76E-09    1.44E-09    8.81E-04    1.50E-03
Rb-86       4.81E-15    9.31E-17    1.79E-09    1.33E-09    1.55E-03    1.50E-03
Rb-87       1.82E-18    8.80E-20    8.74E-10    7.16E-10    1.68E-15    1.50E-03
Rb-88       3.36E-14    5.95E-16    2.26E-11    1.37E-12    2.34E+00    1.50E-03
Rb-89       1.06E-13    1.91E-15    1.16E-11    1.61E-12    2.74E+00    1.50E-03
Re-177      2.96E-14    5.90E-16    5.06E-12    6.60E-12    2.97E+00    1.50E-03
Re-178      6.09E-14    1.13E-15    5.07E-12    2.86E-12    3.15E+00    1.50E-03
Re-180      5.72E-14    1.15E-15    0.00E+00    0.00E+00    1.71E+01    1.50E-03
Re-181      3.65E-14    7.49E-16    1.74E-10    5.45E-10    3.47E-02    1.50E-03
Re-182a     5.78E-14    1.12E-15    1.03E-10    2.99E-10    5.46E-02    1.50E-03
Re-182b     9.16E-14    1.79E-15    7.72E-10    1.71E-09    1.08E-02    1.50E-03
Re-184      4.29E-14    8.64E-16    1.39E-09    1.12E-09    7.60E-04    1.50E-03
Re-184m     1.82E-14    3.75E-16    3.98E-09    2.10E-09    1.75E-04    1.50E-03
Re-186      9.19E-16    2.04E-17    8.64E-10    2.19E-09    7.65E-03    1.50E-03
Re-186m     5.00E-16    1.46E-17    9.76E-09    2.85E-09    3.96E-10    1.50E-03
Re-187      0.00E+00    0.00E+00    1.47E-11    6.96E-12    1.58E-15    1.50E-03
Re-188      2.87E-15    5.91E-17    5.44E-10    2.19E-09    4.08E-02    1.50E-03
Re-188m     3.02E-15    7.56E-17    1.11E-11    4.15E-11    2.24E+00    1.50E-03
Re-189      3.22E-15    6.74E-17    3.36E-10    1.27E-09    2.85E-02    1.50E-03
Rh-100      1.41E-13    2.54E-15    3.75E-10    4.18E-11    3.33E-02    1.50E-03
Rh-101      1.21E-14    2.55E-16    1.07E-08    1.35E-09    2.47E-05    1.50E-03
Rh-101m     1.41E-14    2.96E-16    2.02E-10    1.87E-11    6.65E-03    1.50E-03
Rh-102      1.04E-13    2.08E-15    3.24E-08    1.32E-08    2.73E-05    1.50E-03
Rh-102m     2.31E-14    4.76E-16    1.29E-08    1.20E-09    1.40E-04    1.50E-03
Rh-103m     8.80E-18    1.25E-18    1.27E-12    1.48E-15    7.41E-01    1.50E-03
Rh-105      3.72E-15    7.62E-17    2.58E-10    2.88E-12    1.96E-02    1.50E-03
Rh-106      1.04E-14    2.12E-16    0.00E+00    0.00E+00    8.35E+01    1.50E-03
Rh-106m     1.44E-13    2.80E-15    4.84E-11    6.65E-12    3.15E-01    1.50E-03
Rh-107      1.50E-14    3.07E-16    5.76E-12    1.12E-13    1.92E+00    1.50E-03
Rh-99       2.85E-14    5.88E-16    8.36E-10    1.32E-10    1.81E-03    1.50E-03
Rh-99m      3.29E-14    6.60E-16    2.25E-11    3.03E-12    1.47E-01    1.50E-03
Rn-218      4.06E-17    8.26E-19    0.00E+00    0.00E+00    1.19E+00    0.00E+00
Rn-219      2.69E-15    5.51E-17    0.00E+00    0.00E+00    6.30E+02    0.00E+00
Rn-220      1.93E-17    3.97E-19    0.00E+00    0.00E+00    4.49E+01    0.00E+00
Rn-222      1.96E-17    4.04E-19    0.00E+00    0.00E+00    7.55E-03    0.00E+00
Ru-103      2.25E-14    4.64E-16    2.42E-09    2.57E-10    7.35E-04    1.50E-03
Ru-105      3.81E-14    7.69E-16    1.23E-10    4.15E-12    1.56E-01    1.50E-03
Ru-106      1.04E-14    2.12E-16    1.29E-07    1.72E-09    7.84E-05    1.50E-03
Ru-94       2.54E-14    5.18E-16    3.10E-11    2.24E-12    8.03E-01    1.50E-03
Ru-97       1.09E-14    2.28E-16    1.22E-10    9.15E-12    9.96E-03    1.50E-03
S-35        2.43E-19    1.68E-20    8.15E-11    5.70E-11    3.30E-04    1.50E-03
Sb-115      4.32E-14    8.97E-16    7.04E-12    1.01E-12    1.31E+00    1.50E-03
Sb-116      1.08E-13    2.03E-15    6.27E-12    9.41E-13    2.63E+00    1.50E-03
Sb-116m     1.55E-13    3.01E-15    2.07E-11    5.51E-12    6.90E-01    1.50E-03
Sb-117      7.97E-15    1.77E-16    6.78E-12    9.84E-13    2.48E-01    1.50E-03
Sb-118m     1.27E-13    2.46E-15    7.09E-11    2.16E-11    1.39E-01    1.50E-03
Sb-119      2.16E-16    2.17E-17    3.19E-11    4.35E-12    1.82E-02    1.50E-03
Sb-120a     2.13E-14    4.47E-16    3.54E-12    2.97E-13    2.62E+00    1.50E-03
Sb-120b     1.22E-13    2.35E-15    6.14E-10    2.63E-10    5.01E-03    1.50E-03
Sb-122      2.13E-14    4.36E-16    6.28E-10    1.12E-10    1.07E-02    1.50E-03
Sb-124      9.15E-14    1.71E-15    1.50E-09    5.68E-10    4.80E-04    1.50E-03
Sb-124m     1.70E-14    3.47E-16    0.00E+00    0.00E+00    2.68E+01    1.50E-03
Sb-124n     1.70E-14    3.47E-16    2.21E-12    3.62E-13    2.06E+00    1.50E-03
Sb-125      2.02E-14    4.25E-16    5.75E-10    2.28E-10    2.86E-05    1.50E-03
Sb-126      1.37E-13    2.78E-15    1.27E-09    5.08E-10    2.33E-03    1.50E-03
Sb-126m     7.50E-14    1.52E-15    9.17E-12    1.13E-12    2.19E+00    1.50E-03
Sb-127      3.33E-14    6.76E-16    6.55E-10    1.50E-10    7.50E-03    1.50E-03
Sb-128a     9.69E-14    1.94E-15    4.75E-12    8.74E-13    4.00E+00    1.50E-03
Sb-128b     1.51E-13    3.02E-15    3.72E-10    5.20E-11    7.69E-02    1.50E-03
Sb-129      7.14E-14    1.38E-15    1.64E-10    2.07E-11    1.60E-01    1.50E-03
Sb-130      1.60E-13    3.16E-15    2.80E-11    4.53E-12    1.04E+00    1.50E-03
Sb-131      9.37E-14    1.76E-15    3.88E-11    5.78E-10    1.81E+00    1.50E-03
Sc-43       5.26E-14    1.08E-15    7.00E-11    4.28E-12    1.78E-01    1.50E-03
Sc-44       1.05E-13    2.07E-15    1.33E-10    8.57E-12    1.77E-01    1.50E-03
Sc-44m      1.35E-14    2.72E-16    2.05E-09    8.96E-11    1.18E-02    1.50E-03
Sc-46       9.98E-14    1.93E-15    8.01E-09    2.02E-09    3.45E-04    1.50E-03
Sc-47       5.14E-15    1.04E-16    4.98E-10    4.64E-12    8.62E-03    1.50E-03
Sc-48       1.68E-13    3.18E-15    1.11E-09    1.05E-10    1.59E-02    1.50E-03
Sc-49       1.93E-16    4.93E-18    2.75E-11    2.61E-14    7.25E-01    1.50E-03
Se-70       4.73E-14    9.81E-16    3.96E-11    5.10E-12    1.01E+00    1.50E-03
Se-73       5.16E-14    1.07E-15    1.24E-10    1.75E-11    9.69E-02    1.50E-03
Se-73m      1.17E-14    2.40E-16    1.25E-11    1.50E-12    1.07E+00    1.50E-03
Se-75       1.85E-14    3.77E-16    2.29E-09    8.39E-10    2.41E-04    1.50E-03
Se-77m      4.03E-15    8.18E-17    0.00E+00    0.00E+00    1.43E+02    1.50E-03
Se-79       3.03E-19    2.07E-20    2.66E-09    5.98E-10    1.22E-09    1.50E-03
Se-81       5.24E-16    1.13E-17    6.01E-12    9.26E-14    2.25E+00    1.50E-03
Se-81m      6.18E-16    1.34E-17    2.13E-11    6.08E-13    7.26E-01    1.50E-03
Se-83       1.21E-13    2.30E-15    1.27E-11    1.29E-12    1.85E+00    1.50E-03
Si-31       1.17E-16    3.01E-18    5.52E-11    1.19E-12    2.64E-01    1.50E-03
Si-32       5.24E-19    3.10E-20    1.41E-08    1.53E-09    1.76E-07    1.50E-03
Sm-141      6.87E-14    1.36E-15    8.29E-12    3.69E-13    4.08E+00    1.50E-03
Sm-141m     9.71E-14    1.91E-15    1.58E-11    1.03E-12    1.84E+00    1.50E-03
Sm-142      4.60E-14    9.61E-16    5.82E-11    1.15E-12    5.74E-01    1.50E-03
Sm-145      1.61E-15    6.84E-17    2.98E-09    7.46E-11    8.49E-05    1.50E-03
Sm-146      0.00E+00    0.00E+00    2.23E-05    0.00E+00    7.68E-13    1.50E-03
Sm-147      0.00E+00    0.00E+00    2.02E-05    0.00E+00    7.46E-16    1.50E-03
Sm-151      3.61E-20    5.03E-21    8.10E-09    1.32E-14    8.79E-07    1.50E-03
Sm-153      2.28E-15    6.22E-17    5.31E-10    1.51E-12    1.48E-02    1.50E-03
Sm-155      4.65E-15    1.02E-16    6.79E-12    3.70E-14    1.88E+00    1.50E-03
Sm-156      5.43E-15    1.17E-16    1.89E-10    6.33E-12    7.37E-02    1.50E-03
Sn-110      1.37E-14    2.93E-16    1.36E-10    9.15E-12    1.73E-01    1.50E-03
Sn-111      2.45E-14    4.92E-16    6.88E-12    5.55E-13    1.18E+00    1.50E-03
Sn-113      3.82E-16    2.13E-17    2.88E-09    2.27E-10    2.51E-04    1.50E-03
Sn-117m     6.82E-15    1.51E-16    1.17E-09    2.93E-11    2.12E-03    1.50E-03
Sn-119m     1.01E-16    1.04E-17    1.69E-09    5.45E-11    9.86E-05    1.50E-03
Sn-121      2.37E-18    1.05E-19    1.38E-10    8.47E-13    2.56E-02    1.50E-03
Sn-121m     6.02E-17    4.89E-18    3.11E-09    1.87E-10    1.44E-06    1.50E-03
Sn-123      4.03E-16    8.37E-18    8.79E-09    1.81E-10    2.24E-04    1.50E-03
Sn-123m     6.55E-15    1.35E-16    1.05E-11    2.68E-13    1.04E+00    1.50E-03
Sn-125      1.58E-14    3.01E-16    4.18E-09    7.62E-11    3.00E-03    1.50E-03
Sn-126      7.71E-14    1.57E-15    2.69E-08    4.90E-09    7.91E-10    1.50E-03
Sn-127      9.59E-14    1.80E-15    8.75E-11    6.41E-12    3.30E-01    1.50E-03
Sn-128      3.00E-14    6.57E-16    4.64E-11    3.94E-12    7.04E-01    1.50E-03
Sr-80       6.07E-14    1.25E-15    1.36E-10    1.30E-11    4.16E-01    1.50E-03
Sr-81       6.68E-14    1.37E-15    2.28E-11    2.48E-12    1.63E+00    1.50E-03
Sr-82       5.30E-14    1.09E-15    3.62E-09    1.21E-09    1.16E-03    1.50E-03
Sr-83       3.86E-14    7.71E-16    2.01E-10    5.80E-11    2.14E-02    1.50E-03
Sr-85       2.42E-14    5.00E-16    5.18E-10    3.63E-10    4.45E-04    1.50E-03
Sr-85m      1.05E-14    2.12E-16    2.25E-12    6.62E-13    5.98E-01    1.50E-03
Sr-87m      1.52E-14    3.15E-16    1.16E-11    2.11E-12    2.47E-01    1.50E-03
Sr-89       7.73E-17    2.27E-18    1.76E-09    4.16E-10    5.72E-04    1.50E-03
Sr-90       7.53E-18    2.84E-19    6.47E-08    2.64E-09    2.72E-06    1.50E-03
Sr-91       4.92E-14    9.79E-16    2.58E-10    4.11E-11    7.30E-02    1.50E-03
Sr-92       6.79E-14    1.25E-15    1.70E-10    2.19E-11    2.56E-01    1.50E-03
Ta-172      7.59E-14    1.48E-15    1.53E-11    1.30E-12    1.13E+00    1.50E-03
Ta-173      2.75E-14    5.68E-16    8.64E-11    3.08E-12    1.90E-01    1.50E-03
Ta-174      2.97E-14    6.09E-16    1.82E-11    7.52E-13    5.78E-01    1.50E-03
Ta-175      4.55E-14    8.79E-16    1.03E-10    8.91E-12    6.60E-02    1.50E-03
Ta-176      1.09E-13    1.97E-15    1.26E-10    1.34E-11    8.58E-02    1.50E-03
Ta-177      2.53E-15    6.57E-17    8.29E-11    1.81E-12    1.22E-02    1.50E-03
Ta-178a     4.61E-15    1.04E-16    0.00E+00    0.00E+00    4.47E+00    1.50E-03
Ta-178b     4.75E-14    1.00E-15    2.24E-11    2.01E-12    3.15E-01    1.50E-03
Ta-179      1.09E-15    3.16E-17    1.76E-09    8.57E-11    4.34E-05    1.50E-03
Ta-180      2.59E-14    5.45E-16    6.62E-08    5.80E-09    7.91E-18    1.50E-03
Ta-180m     1.71E-15    4.76E-17    2.52E-11    2.44E-13    8.56E-02    1.50E-03
Ta-182      6.40E-14    1.23E-15    1.21E-08    1.53E-09    2.51E-04    1.50E-03
Ta-182m     1.11E-14    2.41E-16    3.61E-12    2.03E-13    2.63E+00    1.50E-03
Ta-183      1.31E-14    2.83E-16    1.41E-09    1.77E-11    5.66E-03    1.50E-03
Ta-184      7.80E-14    1.57E-15    3.09E-10    1.30E-11    7.97E-02    1.50E-03
Ta-185      8.73E-15    1.89E-16    2.27E-11    1.61E-13    8.49E-01    1.50E-03
Ta-186      7.53E-14    1.53E-15    6.57E-12    2.99E-13    3.96E+00    1.50E-03
Tb-147      7.78E-14    1.54E-15    5.63E-11    4.61E-12    4.20E-01    1.50E-03
Tb-149      8.02E-14    1.53E-15    1.98E-09    7.13E-12    1.67E-01    1.50E-03
Tb-150      8.26E-14    1.62E-15    8.43E-11    5.07E-12    2.12E-01    1.50E-03
Tb-151      4.20E-14    8.73E-16    1.69E-10    1.28E-11    3.94E-02    1.50E-03
Tb-153      9.89E-15    2.25E-16    2.04E-10    8.54E-12    1.23E-02    1.50E-03
Tb-154      1.21E-13    2.13E-15    3.20E-10    3.36E-11    3.24E-02    1.50E-03
Tb-155      5.56E-15    1.38E-16    2.10E-10    8.45E-12    5.43E-03    1.50E-03
Tb-156      8.94E-14    1.74E-15    1.08E-09    1.38E-10    5.41E-03    1.50E-03
Tb-156m     7.75E-16    2.61E-17    2.06E-10    2.48E-11    2.84E-02    1.50E-03
Tb-156n     1.16E-16    3.68E-18    5.86E-11    5.29E-12    1.39E-01    1.50E-03
Tb-157      6.78E-17    2.67E-18    2.49E-09    2.67E-11    5.28E-07    1.50E-03
Tb-158      3.84E-14    7.72E-16    6.91E-08    7.74E-09    5.28E-07    1.50E-03
Tb-160      5.54E-14    1.08E-15    6.75E-09    6.54E-10    3.99E-04    1.50E-03
Tb-161      1.02E-15    3.47E-17    9.20E-10    1.93E-12    4.18E-03    1.50E-03
Tc-101      1.61E-14    3.28E-16    3.94E-12    2.31E-12    2.93E+00    1.50E-03
Tc-104      1.01E-13    1.85E-15    1.76E-11    1.34E-11    2.29E+00    1.50E-03
Tc-93       7.38E-14    1.35E-15    1.36E-11    2.23E-11    2.52E-01    1.50E-03
Tc-93m      3.73E-14    6.48E-16    6.44E-12    1.01E-11    9.56E-01    1.50E-03
Tc-94       1.30E-13    2.59E-15    5.68E-11    1.22E-10    1.42E-01    1.50E-03
Tc-94m      9.18E-14    1.79E-15    2.74E-11    4.63E-11    8.00E-01    1.50E-03
Tc-95       3.84E-14    7.72E-16    6.76E-11    1.41E-10    3.47E-02    1.50E-03
Tc-95m      3.23E-14    6.53E-16    1.05E-09    7.19E-10    4.73E-04    1.50E-03
Tc-96       1.22E-13    2.43E-15    6.42E-10    8.70E-10    6.75E-03    1.50E-03
Tc-96m      2.24E-15    4.72E-17    6.26E-12    8.86E-12    8.08E-01    1.50E-03
Tc-97       3.33E-17    6.48E-18    2.68E-10    1.17E-10    3.04E-11    1.50E-03
Tc-97m      4.64E-17    6.18E-18    1.32E-09    8.58E-10    3.32E-04    1.50E-03
Tc-98       6.86E-14    1.38E-15    6.18E-09    3.36E-09    1.88E-11    1.50E-03
Tc-99       1.62E-18    7.80E-20    2.25E-09    1.07E-09    3.71E-10    1.50E-03
Tc-99m      5.89E-15    1.21E-16    7.21E-12    2.09E-11    1.15E-01    1.50E-03
Te-116      2.29E-15    7.13E-17    6.11E-11    7.12E-12    2.78E-01    1.50E-03
Te-121      2.70E-14    5.70E-16    5.15E-10    1.56E-10    1.70E-03    1.50E-03
Te-121m     9.90E-15    2.10E-16    3.99E-09    7.30E-10    1.88E-04    1.50E-03
Te-123      2.15E-16    1.95E-17    1.31E-09    2.22E-12    7.91E-18    1.50E-03
Te-123m     6.51E-15    1.43E-16    2.86E-09    1.46E-10    2.41E-04    1.50E-03
Te-125m     4.53E-16    3.61E-17    1.97E-09    3.87E-11    4.98E-04    1.50E-03
Te-127      2.42E-16    5.18E-18    8.60E-11    1.84E-12    7.41E-02    1.50E-03
Te-127m     1.47E-16    1.13E-17    5.81E-09    9.66E-11    2.65E-04    1.50E-03
Te-129      2.75E-15    6.01E-17    2.09E-11    5.09E-13    5.98E-01    1.50E-03
Te-129m     3.34E-15    7.69E-17    6.48E-09    1.56E-10    8.60E-04    1.50E-03
Te-131      2.04E-14    4.10E-16    1.24E-10    2.66E-09    1.66E+00    1.50E-03
Te-131m     7.46E-14    1.46E-15    1.76E-09    3.67E-08    2.31E-02    1.50E-03
Te-132      1.03E-14    2.28E-16    2.55E-09    6.28E-08    8.86E-03    1.50E-03
Te-133      4.60E-14    8.94E-16    2.39E-11    5.91E-10    3.34E+00    1.50E-03
Te-133m     1.14E-13    2.22E-15    1.10E-10    2.63E-09    7.51E-01    1.50E-03
Te-134      4.24E-14    8.67E-16    3.23E-11    5.56E-10    9.95E-01    1.50E-03
Th-226      7.98E-16    1.68E-17    9.45E-09    9.18E-12    1.35E+00    1.50E-03
Th-227      4.88E-15    1.04E-16    4.37E-06    2.94E-09    1.54E-03    1.50E-03
Th-228      9.20E-17    2.35E-18    9.23E-05    2.30E-07    4.14E-05    1.50E-03
Th-229      3.83E-15    8.54E-17    4.67E-04    1.18E-06    1.08E-08    1.50E-03
Th-230      1.74E-17    7.50E-19    7.07E-05    1.72E-07    1.03E-09    1.50E-03
Th-231      5.22E-16    1.85E-17    2.37E-10    3.09E-13    2.72E-02    1.50E-03
Th-232      8.72E-18    5.51E-19    3.11E-04    5.99E-07    1.95E-14    1.50E-03
Th-234      1.06E-15    2.36E-17    9.47E-09    1.27E-11    1.20E-03    1.50E-03
Ti-44       5.53E-15    1.32E-16    2.75E-07    3.70E-08    1.67E-06    1.50E-03
Ti-45       4.18E-14    8.61E-16    5.69E-11    2.87E-12    2.25E-01    1.50E-03
Tl-194      3.70E-14    7.62E-16    2.49E-12    7.98E-13    1.26E+00    1.50E-03
Tl-194m     1.11E-13    2.27E-15    1.21E-11    2.75E-12    1.27E+00    1.50E-03
Tl-195      6.34E-14    1.18E-15    1.25E-11    4.09E-12    5.98E-01    1.50E-03
Tl-197      1.93E-14    3.91E-16    1.34E-11    4.64E-12    2.44E-01    1.50E-03
Tl-198      1.01E-13    1.87E-15    4.44E-11    2.24E-11    1.31E-01    1.50E-03
Tl-198m     5.69E-14    1.17E-15    2.89E-11    1.00E-11    3.71E-01    1.50E-03
Tl-199      1.13E-14    2.40E-16    1.88E-11    6.24E-12    9.34E-02    1.50E-03
Tl-200      6.42E-14    1.25E-15    1.27E-10    7.90E-11    2.66E-02    1.50E-03
Tl-201      3.78E-15    8.73E-17    6.34E-11    3.14E-11    9.49E-03    1.50E-03
Tl-202      2.18E-14    4.59E-16    2.66E-10    1.81E-10    2.36E-03    1.50E-03
Tl-204      5.59E-17    1.48E-18    6.50E-10    4.14E-10    2.09E-05    1.50E-03
Tl-206      6.73E-17    1.99E-18    0.00E+00    0.00E+00    9.90E+00    1.50E-03
Tl-207      1.62E-16    3.76E-18    0.00E+00    0.00E+00    8.72E+00    1.50E-03
Tl-208      1.77E-13    2.98E-15    0.00E+00    0.00E+00    1.35E+01    1.50E-03
Tl-209      1.02E-13    1.90E-15    0.00E+00    0.00E+00    1.89E+01    1.50E-03
Tm-162      9.01E-14    1.64E-15    5.93E-12    7.28E-13    1.92E+00    1.50E-03
Tm-166      9.35E-14    1.75E-15    1.02E-10    1.39E-11    9.00E-02    1.50E-03
Tm-167      6.06E-15    1.43E-16    7.97E-10    1.96E-11    3.13E-03    1.50E-03
Tm-170      2.23E-16    5.91E-18    7.11E-09    1.42E-10    2.25E-04    1.50E-03
Tm-171      2.15E-17    6.41E-19    2.47E-09    5.75E-11    4.12E-05    1.50E-03
Tm-172      2.41E-14    4.46E-16    1.32E-09    2.53E-11    1.09E-02    1.50E-03
Tm-173      1.85E-14    3.84E-16    1.30E-10    4.25E-12    8.41E-02    1.50E-03
Tm-175      5.13E-14    1.02E-15    6.26E-12    3.94E-13    2.74E+00    1.50E-03
U-230       4.11E-16    9.55E-18    5.27E-06    8.87E-10    1.39E-03    1.50E-03
U-231       2.95E-15    7.07E-17    3.22E-10    3.58E-12    6.88E-03    1.50E-03
U-232       1.42E-17    1.01E-18    1.78E-04    2.43E-08    1.10E-06    1.50E-03
U-233       1.63E-17    7.16E-19    3.66E-05    2.70E-09    4.99E-10    1.50E-03
U-234       7.63E-18    7.48E-19    3.58E-05    2.65E-09    3.24E-10    1.50E-03
U-235       7.20E-15    1.48E-16    3.32E-05    4.11E-09    1.12E-13    1.50E-03
U-236       5.01E-18    6.50E-19    3.39E-05    2.51E-09    2.32E-11    1.50E-03
U-237       5.97E-15    1.33E-16    9.54E-10    1.00E-11    4.28E-03    1.50E-03
U-238       3.41E-18    5.51E-19    3.20E-05    2.73E-09    1.77E-14    1.50E-03
U-239       2.17E-15    5.15E-17    1.01E-11    5.92E-14    1.77E+00    1.50E-03
U-240       1.62E-14    3.31E-16    6.13E-10    4.15E-12    4.92E-02    1.50E-03
V-47        4.79E-14    9.87E-16    1.54E-11    8.92E-13    1.28E+00    1.50E-03
V-48        1.45E-13    2.78E-15    2.76E-09    5.51E-10    1.78E-03    1.50E-03
V-49        0.00E+00    0.00E+00    9.33E-11    2.71E-12    8.75E-05    1.50E-03
W-176       7.02E-15    1.71E-16    2.88E-11    2.41E-12    3.01E-01    1.50E-03
W-177       4.26E-14    8.73E-16    1.76E-11    1.64E-12    3.08E-01    1.50E-03
W-178       5.07E-15    1.17E-16    7.32E-11    2.75E-12    1.33E-03    1.50E-03
W-179       1.83E-15    5.86E-17    9.47E-13    1.90E-14    1.11E+00    1.50E-03
W-181       1.40E-15    3.93E-17    4.09E-11    2.71E-12    2.38E-04    1.50E-03
W-185       5.37E-18    1.84E-19    2.03E-10    2.85E-15    3.85E-04    1.50E-03
W-187       2.28E-14    4.69E-16    1.67E-10    4.37E-12    2.90E-02    1.50E-03
W-188       9.04E-17    1.92E-18    1.11E-09    2.72E-12    4.16E-04    1.50E-03
Xe-120      1.94E-14    4.23E-16    0.00E+00    0.00E+00    1.04E+00    0.00E+00
Xe-121      9.14E-14    1.69E-15    0.00E+00    0.00E+00    1.04E+00    0.00E+00
Xe-122      4.81E-14    1.01E-15    0.00E+00    0.00E+00    3.45E-02    0.00E+00
Xe-123      3.03E-14    6.09E-16    0.00E+00    0.00E+00    3.33E-01    0.00E+00
Xe-125      1.19E-14    2.65E-16    0.00E+00    0.00E+00    4.08E-02    0.00E+00
Xe-127      1.25E-14    2.73E-16    0.00E+00    0.00E+00    7.93E-04    0.00E+00
Xe-129m     1.06E-15    5.29E-17    0.00E+00    0.00E+00    3.61E-03    0.00E+00
Xe-131m     3.89E-16    2.06E-17    0.00E+00    0.00E+00    2.43E-03    0.00E+00
Xe-133      1.56E-15    4.61E-17    0.00E+00    0.00E+00    5.51E-03    0.00E+00
Xe-133m     1.37E-15    4.07E-17    0.00E+00    0.00E+00    1.32E-02    0.00E+00
Xe-135      1.19E-14    2.42E-16    0.00E+00    0.00E+00    7.63E-02    0.00E+00
Xe-135m     2.04E-14    4.24E-16    0.00E+00    0.00E+00    2.72E+00    0.00E+00
Xe-138      5.77E-14    1.03E-15    0.00E+00    0.00E+00    2.93E+00    0.00E+00
Y-86        1.79E-13    3.39E-15    4.65E-10    4.32E-11    4.70E-02    1.50E-03
Y-86m       1.06E-14    2.13E-16    2.69E-11    2.44E-12    8.66E-01    1.50E-03
Y-87        2.15E-14    4.46E-16    4.74E-10    3.73E-11    8.63E-03    1.50E-03
Y-88        1.37E-13    2.47E-15    7.59E-09    2.62E-09    2.71E-04    1.50E-03
Y-90        1.90E-16    5.32E-18    2.28E-09    5.17E-13    1.08E-02    1.50E-03
Y-90m       3.01E-14    6.16E-16    1.27E-10    1.91E-12    2.17E-01    1.50E-03
Y-91        2.60E-16    5.74E-18    1.32E-08    8.50E-12    4.94E-04    1.50E-03
Y-91m       2.55E-14    5.23E-16    9.82E-12    5.02E-13    8.37E-01    1.50E-03
Y-92        1.30E-14    2.53E-16    2.11E-10    1.05E-12    1.96E-01    1.50E-03
Y-93        4.80E-15    9.12E-17    5.82E-10    9.26E-13    6.86E-02    1.50E-03
Y-94        5.62E-14    1.07E-15    1.89E-11    4.12E-13    2.18E+00    1.50E-03
Y-95        4.79E-14    7.99E-16    1.02E-11    2.79E-13    3.89E+00    1.50E-03
Yb-162      5.66E-15    1.33E-16    6.04E-12    5.55E-13    2.20E+00    1.50E-03
Yb-166      2.86E-15    8.61E-17    8.04E-10    6.04E-11    1.22E-02    1.50E-03
Yb-167      1.09E-14    2.60E-16    2.26E-12    8.14E-14    2.38E+00    1.50E-03
Yb-169      1.29E-14    3.04E-16    2.18E-09    8.57E-11    9.02E-04    1.50E-03
Yb-175      1.87E-15    3.91E-17    4.38E-10    2.12E-12    6.89E-03    1.50E-03
Yb-177      9.23E-15    1.80E-16    3.93E-11    3.94E-13    3.65E-01    1.50E-03
Yb-178      1.67E-15    3.47E-17    4.39E-11    1.89E-13    5.62E-01    1.50E-03
Zn-62       6.93E-14    1.43E-15    5.57E-10    2.94E-11    7.49E-02    1.50E-03
Zn-63       5.32E-14    1.09E-15    2.20E-11    8.27E-13    1.09E+00    1.50E-03
Zn-65       2.90E-14    5.53E-16    5.51E-09    3.02E-09    1.18E-04    1.50E-03
Zn-69       2.16E-17    7.18E-19    1.06E-11    2.77E-14    7.30E-01    1.50E-03
Zn-69m      1.99E-14    4.13E-16    2.31E-10    1.35E-11    5.04E-02    1.50E-03
Zn-71m      7.50E-14    1.53E-15    1.05E-10    8.13E-12    1.77E-01    1.50E-03
Zn-72       6.90E-15    1.41E-16    1.35E-09    2.28E-10    1.49E-02    1.50E-03
Zr-86       1.28E-14    2.69E-16    5.48E-10    5.60E-11    4.20E-02    1.50E-03
Zr-88       1.88E-14    3.91E-16    2.94E-09    9.95E-10    3.46E-04    1.50E-03
Zr-89       5.68E-14    1.13E-15    6.06E-10    7.94E-11    8.84E-03    1.50E-03
Zr-93       0.00E+00    0.00E+00    2.25E-08    4.45E-12    5.17E-11    1.50E-03
Zr-95       3.60E-14    7.23E-16    4.29E-09    7.82E-10    4.51E-04    1.50E-03
Zr-97       4.26E-14    8.48E-16    1.06E-09    3.75E-11    4.10E-02    1.50E-03