TERREL.DAT      2.0             Header structure with coordinate parameters      
   2
Produced by TERREL Version: 3.69  Level: 110330                                   
Internal Coordinate Transformations  ---  COORDLIB   Version: 1.99   Level: 070921
LCC     
25.4418 N       119.4429 E       30N             60N             
 0.00000000E+00 0.00000000E+00
WGS-84  02-21-2003  
     80     80       -40.0       -40.0       1.0       1.0
KM  M  
W_E N_S 
   320.9   456.3   505.3   768.1   502.3   381.6   289.8   176.5   481.8   526.3
   178.9   285.3   147.4   125.0   195.8   464.0   749.6   319.6   485.2   270.3
   475.2   822.7   501.0   190.1    95.0    88.2   168.4   293.5   318.6   218.1
   138.1   178.4    88.2   205.4   156.8    46.9    45.8   161.0    83.9   147.7
   269.1   340.1   321.0   208.4   345.7   533.5   520.3   505.8   405.3   438.1
   431.4   222.5   319.8    71.9    28.5    10.3     7.5     0.0     0.0     0.0
     0.0     0.0     0.0     0.0     0.0     0.0     0.0     0.0     0.0     0.0
     0.0     0.0     0.0     0.0     0.0     0.0     0.0     0.0     0.0     0.0
   655.9   800.2   637.7   809.1   756.4   544.8   308.0   205.6   569.9   423.5
   459.8   177.8   133.1   195.1   317.7   281.5   503.4   238.2   299.0   442.3
   743.9   868.4   408.0   117.8    77.7    97.5   325.1   372.4   317.9   123.7
   219.0    65.2   146.2   117.4    49.7    34.2    37.0    66.2    59.0    76.1
   146.3   419.9   342.9   301.7   420.2   420.7   317.5   354.7   401.0   515.1
   322.5   519.8   237.5   239.3     9.5     5.0     6.9     0.0     0.0     0.0
     0.0     0.0     0.0     0.0     0.0     0.0     0.0     0.0     0.0     0.0
     0.0     0.0     0.0     0.0     0.0     0.0     0.0     0.0     0.0     0.0
   417.4   931.2   923.8   775.5   335.2   341.1   166.1   195.8   334.4   470.2
   368.8   227.6   145.9   122.9   150.6   433.8   253.6   287.7   507.9   751.4
   793.8   545.9   280.5   103.2    74.0   104.3   349.1   372.2   389.2   106.1
   130.7    49.8   226.6   181.5    48.9    28.3    28.2    33.9    43.5    53.3
   280.8   371.7   355.5   277.9   391.6   289.7   252.1   269.5   327.9   311.0
   363.5   424.5   390.6   200.7   133.4    15.7     4.5     0.0     0.0     0.0
     0.0     0.0     0.0     0.7     0.0     0.0     0.0     0.0     0.0     0.0
     0.0     0.0     0.0     0.0     0.0     0.0     0.0     0.0     0.0     0.0
   614.7   889.6   786.5   369.2   231.8   317.4   270.1   269.7   482.7   524.7
   291.4   167.6   363.8   167.6   152.8   157.2   216.9   352.4   425.5   521.3
   452.9   306.0   143.7    82.1    73.1   295.6   342.0   277.2   212.1    55.8
    63.0    40.0    93.6    49.9    36.9    23.4    25.9    29.3    41.3    64.7
   167.6   437.8   437.2   400.0   315.2   285.2   266.1   366.7   354.4   389.2
   357.8   298.8   469.3   270.4   112.6     7.0     4.6    11.8     0.0     0.0
     0.0     0.0    26.0     0.0     0.0     0.0     0.0     0.0     0.0     0.0
     0.0     0.0     0.0     0.0     0.0     0.0     0.0     0.0     0.0     0.0
   814.2   771.8   357.9   296.5   375.8   703.5   451.0   444.5   711.7   675.1
   351.9   356.6   395.7   303.0   185.8   201.9   290.9   481.7   506.6   567.1
   243.7   147.9   106.7    84.4    87.7   282.8   388.2   300.6    94.0   109.2
    42.3    31.2    33.1    30.4    21.1    20.5    30.5    69.6   245.8   304.8
   289.7   415.8   524.4   269.9   330.3   216.8   297.4   386.0   322.5   397.7
   371.0   377.3   258.2    64.6     6.9     9.6    67.0    97.6     0.2     0.0
    22.3     0.0     0.0     0.0     0.0     0.0     0.0     0.0     0.0     0.0
     0.0     0.0     0.0     0.0     0.0     0.0     0.0     0.0     0.0     0.0
   970.6   631.8   474.7   687.9   622.5   699.5   644.7   692.0   633.3   394.2
   416.6   512.0   380.3   428.9   367.2   276.0   534.6   627.3   761.2   754.0
   392.3   202.4    93.9    72.1    62.1    59.7   199.0   217.7   187.8    91.3
    58.8    34.8    22.2    16.3    16.2    65.3   194.6    75.0    44.7   312.1
   311.8   311.9   397.6   452.8   150.5   251.0   308.6   370.4   248.2   252.1
   117.5    73.6   124.7    96.6    19.4    86.4   183.4     5.2     0.0     0.0
     0.0     0.0     0.0     0.0     0.0     0.0     0.0     0.0     0.0     0.0
     0.0     0.0     0.0     0.0     0.0     0.0     0.0     0.0     0.0     0.0
   719.9   642.6   633.1   586.0   696.3   599.8   621.3   542.2   509.7   396.9
   533.6   614.0   641.1   578.3   295.0   339.9   493.9   757.9   810.9   586.7
   213.4   102.3    84.4    78.5   401.6    95.9   103.5   114.5   119.0    36.7
    25.4    19.7    20.9    29.3    91.3    27.7   100.5    19.8    42.3   136.7
   259.4   250.2   253.6   362.6    51.3   115.0   135.3   126.8   161.7   168.1
    97.4   230.9    61.2    39.0    17.8   102.0    55.2     0.0     0.0     0.0
     0.0     0.0     0.0     0.0     0.0     0.0     0.0     0.0     0.0     0.0
     0.0     0.0     0.0     0.0     0.0     0.0     0.0     0.0     0.0     0.0
   520.0   546.1   421.9   458.3   381.5   365.1   410.4   387.7   324.3   235.1
   298.4   383.8   290.0   362.0   464.2   303.9   540.4   539.2   657.9   371.9
   160.4   100.1    67.3    56.9   248.8    45.7    60.0    49.4    32.1    21.0
    24.3    16.8    15.6    40.5    48.8    12.1    91.0     9.4     7.2    18.4
    39.8   234.9   121.3   171.0     6.1     6.7    79.2   209.7   227.5    56.2
   195.1   148.8   201.4    39.3    35.1    49.2     0.0     0.0     0.0     0.0
     0.0     0.0     0.0     0.0     0.0     0.0     0.0     0.0     0.0     0.0
     0.0     0.0     0.0     0.0     0.0     0.0     0.0     0.0     0.0     0.0
   472.5   361.1   340.7   370.0   372.6   370.9   416.1   358.8   300.2   218.1
   239.8   217.0   151.9   164.7   171.0   124.0   231.5   346.0   318.4   204.7
   147.7   113.8    60.4    48.0   340.8    68.7    37.8    27.2    24.9    20.8
    13.1    15.4    17.9    16.2    21.9     7.0     7.4     4.0     3.3    20.1
    12.0    54.0    25.5     4.2     3.0     4.3    83.9   150.8    45.3    27.5
   111.2   194.6   156.6    77.0    26.5    16.2     0.0     0.0     0.0     0.0
     0.0     0.0     0.0     0.0     0.0     0.0     0.0     0.0     0.0     0.0
     0.0     0.0     0.0     0.0     0.0     0.0     0.0     0.0     0.0     0.0
   382.6   456.1   339.3   335.1   321.3   333.9   374.4   377.6   288.7   312.5
   219.0   340.8   228.2   147.6   117.4   166.2   203.5   170.6   115.1    80.5
   144.0    51.0    48.0    74.7   359.5    68.7    37.1    35.3    17.4    17.0
    14.4    11.3    17.7    15.5     5.0     3.4     4.3     3.1     3.0     3.7
    26.7    13.0     7.5     2.9     3.5    20.6    18.3    15.1     5.7     9.1
    64.1   173.2   181.5   111.1    69.0     0.0     6.3     0.0     0.0     0.0
     0.0     0.0     0.0     0.0     0.0     0.0     0.0     0.0     0.0     0.0
     0.0     0.0     0.0     0.0     0.0     0.0     0.0     0.0     0.0     0.0
   393.4   344.0   405.7   383.2   364.5   329.5   319.8   418.2   417.7   199.1
   202.4   137.7   267.6   176.3   181.8   227.2   111.1   116.9   103.4    54.6
    48.0    48.0    48.0   138.3   113.3    33.4    34.1    26.8    16.4    12.8
    10.2   196.3    38.0     8.1     7.4     4.6     7.7    19.3     3.5     3.0
    16.7   105.3    10.3     3.3     4.5    14.3     6.1    14.2     2.7     5.4
     5.3    82.5   211.2    50.5   141.6     7.1     0.0     8.7     0.0     0.0
     0.0     0.0     0.0     0.0     0.0     0.0     0.0     0.0     0.0     0.0
     0.0     0.0     0.0     0.0     0.0     0.0     0.0     0.0     0.0     0.0
   463.9   412.3   469.1   486.7   426.4   353.6   372.6   370.9   386.5   304.8
   184.4    93.7   109.4    69.8    70.9   162.0   127.8    74.3    98.0    48.0
    48.0    48.0    48.0   118.4    89.6    26.0    18.6    15.1    13.9    20.9
    39.0   141.5    81.9    12.8     5.5     6.8    38.0     4.7     3.2     0.6
     2.7    10.7    40.7     2.1     2.9     4.0     4.2     2.6     0.3     1.4
     2.7     6.9    18.1    16.8   108.1     0.0     0.0     0.0     0.0     0.0
     0.0     1.1     0.0     0.0     0.0     0.0     0.0     0.0     0.0     0.0
     0.0     0.0     0.0     0.0     0.0     0.0     0.0     0.0     0.0     0.0
   509.6   443.0   493.7   459.6   454.3   459.2   454.3   476.7   375.6   207.1
   226.6   129.2   129.7    78.6    72.0   111.0   273.5    89.9    50.2    48.1
    48.0    58.5   275.6   131.9    64.9    36.3    22.7    17.4    95.4    78.3
    67.9   191.6   184.8    13.2     4.5     4.1    15.9    45.3    49.9    24.4
     3.3     7.4     7.9     2.3     0.1     3.0     2.2     0.0     0.0     0.0
     0.0     0.0     0.0     0.0     0.0     0.0     0.0     0.0     0.0     0.0
     0.5     0.0     0.0     0.0     0.0     0.0     0.0     0.0     0.0     0.0
     0.0     0.0     0.0     0.0     0.0     0.0     0.0     0.0     0.0     0.0
   447.7   406.6   390.6   477.6   586.4   696.1   447.8   715.6   435.5   423.1
   518.8   448.6   216.5   353.6   113.4   243.7   341.1    89.7    67.3    78.1
   187.9   326.9   235.4   240.4   191.2    33.0    20.6    54.5   139.9   153.7
   175.7   108.4    77.5    15.4     7.2    24.1   147.7    24.8    13.7     3.2
     3.2     2.8     2.5     2.4     0.0     0.5     0.0     0.0     0.0     0.0
     0.0     0.0     0.0     4.1     0.0     0.0     0.4    34.0     0.0    24.3
     0.0     0.0     0.0     0.0     2.6     0.0     0.0     0.0     0.0     0.0
     0.0     0.0     0.0     0.0     0.0     0.0     0.0     0.7     0.0     0.0
   451.7   360.0   451.9   447.6   489.1   507.4   627.8   636.9   725.1   674.3
   551.4   476.9   413.4   400.9   358.6   604.1   276.7   255.0   306.6   314.6
   514.5   216.9   158.7   191.0    91.9    29.6    29.9   107.2   128.3   162.3
   121.7    41.7    40.2    93.7    64.1   186.2    45.3     9.4     3.8     7.9
     3.1     2.7     0.3     2.3     0.0     0.0     0.0     0.0     0.0     0.0
     0.0     0.0     0.0     2.7     0.0    14.8     0.0     0.0     0.0     0.0
    50.4    75.5     0.0     0.0     0.0     0.0    22.5     0.0     0.0     0.0
     0.0     0.0     2.3    20.3     0.0     0.0     0.0     0.0     0.0     0.0
   242.6   226.7   347.3   446.1   509.2   428.2   465.1   550.7   773.5   705.9
   641.3   551.9   453.6   462.6   474.9   638.4   328.1   170.8   553.3   708.8
   387.3   147.3   128.9   210.0    45.1    82.6    47.4    53.5    92.0   147.0
    94.3    73.8    47.8   129.2   189.4   159.3    15.1     5.3     4.1     8.1
     2.3     1.9     0.0     0.0     0.0     0.0     0.0     0.0     0.0     0.0
     0.0     0.0     0.0     0.0    30.0    29.0     0.0     0.0     0.0     0.0
     3.1     0.0    93.3     0.0    14.2    73.9    72.3     0.0     0.0     0.0
     0.0    24.1    86.6    22.3     0.2     0.0     0.0     0.0     0.0     0.0
   192.6   207.4   362.9   381.3   402.5   493.2   562.9   730.3   739.2   618.2
   630.6   432.6   340.0   394.0   548.5   892.6   508.9   198.7   588.6   559.6
   288.9   202.1   108.8    51.9    64.0   161.1   114.7   131.7    86.1    33.2
    27.1    60.8    39.8   174.9   201.2    38.7    13.5     5.1     4.9     2.9
     2.3     1.9     0.0     0.0     0.0     0.0     0.0     0.0     0.0     0.0
     0.0     0.0     0.0    31.6    23.3     2.4     0.0     0.0     0.0     0.0
     0.0    21.4    18.3   144.6   152.4    56.2   157.8     0.0     0.0     0.0
    18.5    81.6    13.7     0.0     3.2     4.0     0.0     0.0     0.0     0.0
   213.0   293.6   241.5   387.7   498.5   646.7   742.6   719.3   703.5   649.8
   609.2   617.9   372.1   346.7   687.9   794.0   725.1   634.5   661.5   275.0
    87.8    55.4    41.2    33.3    66.7    32.0    18.5    81.4    28.4    11.2
    11.5    16.6   109.7   110.8    49.4    13.7    15.9     3.5     3.2     3.8
     3.3    39.2     1.4     0.0     0.0     0.0     0.0     0.0     0.0     0.0
     0.0    31.6     1.4    14.2     0.1     0.0     0.0     0.0     0.0     0.0
     0.0     0.0    23.9    11.0     0.0     0.0    23.9     0.0     4.4    20.0
    44.0    25.5     7.6     0.0     0.0     0.0     0.0     0.0     0.0     0.0
   431.0   258.9   295.1   514.3   561.9   691.2   660.3   710.7   729.4   703.4
   570.4   607.6   503.3   234.3   440.7   568.7   769.1   734.6   494.7   387.8
   202.8    43.7    38.1    22.0    75.6    12.8    14.3    24.5     3.5    14.0
    25.7    46.3    49.3    67.6    25.5     9.3     3.9     3.7    17.9     6.3
    15.0    16.2     2.7     0.0     3.8     0.0     0.0     0.0     0.5     0.0
     0.0     0.0     0.0     0.8     0.0     0.0     0.0     0.0     0.0     0.0
     0.0     0.0     0.0     0.0     0.0     0.0     0.0     0.2    95.2   104.1
    37.4     6.5     7.4     0.0     0.0     0.0     0.0     0.0     0.0     0.0
   435.4   484.6   505.3   527.5   498.0   660.6   690.3   615.5   619.1   589.3
   624.3   593.7   528.7   419.9   202.1   489.9   526.3   578.1   325.3   286.4
   170.0    58.8    24.7    16.7    33.3     5.2     4.6    16.1     3.7    31.3
     7.3    22.2   196.1    55.4    37.3     6.2     4.4    13.7    71.7    34.9
    19.3     3.7     3.8    10.0     0.2     1.1     0.0     0.0    35.6     0.0
     0.0     0.0     0.0     0.0     0.0     0.0     0.0     0.0     0.0     0.0
     0.0     0.0     0.0     0.0     0.0     0.0    12.4    85.1    81.0    63.7
     8.5     6.9     9.3     5.0     0.0    28.7    16.8     0.0     0.0     0.0
   487.5   469.2   553.6   557.6   560.4   587.9   554.6   578.4   593.6   591.1
   587.3   475.0   573.7   282.3   126.4   418.8   350.4   190.1   169.4   171.1
   184.2    65.7    33.7    19.5    12.4     7.8     5.0     2.6     4.0    11.8
     3.9    31.5    48.8    71.9    15.3    10.5    28.1    25.0    33.8    19.7
     6.3     6.0    10.8     6.8     5.5     0.0     0.0     0.0    12.1     0.0
     0.0     0.0     0.0     0.0     0.0     0.0     0.0     0.0     0.0     0.0
     0.0     0.0     0.0     0.0     0.0    18.7    60.1   108.6    63.6    15.4
     6.1    17.2     9.1     7.0    40.9   243.3    97.1    63.4     0.0     0.0
   493.7   496.8   553.0   717.4   550.6   583.0   455.5   530.1   553.4   549.4
   424.7   396.7   516.1   554.6   170.4   126.8   196.1   109.0   219.9    41.1
    32.6    26.1    21.7    16.2    13.2     8.8     6.2     3.1     2.5     2.7
    11.1    55.8     8.0    50.7    15.8    25.2    37.2    35.5    33.3    14.2
    11.2    12.8    14.8    15.2     1.9     0.0     0.0     0.0    24.4     0.0
     0.0     0.0     0.0     0.0     0.0     0.0     0.0     0.0     0.0     0.0
     0.0     0.0     0.0     0.0    17.1    37.9    35.4    19.7    25.9     6.9
    27.8    10.8     9.6     7.6    19.7   211.4   261.3   344.5   168.9    17.5
   475.6   537.6   478.5   672.2   590.0   461.0   407.3   453.5   570.8   592.6
   468.8   514.1   366.1   557.7   355.3   115.5    75.1   322.5   231.4   210.3
   196.4   137.6    36.2    15.9    17.7    13.4    14.8    11.1     3.3     2.2
     1.7    19.4    16.9    10.1    23.9    26.3    33.5    27.7    26.8    24.6
    20.9    23.4    16.6     4.1     0.9     0.0     0.0     0.0     0.0     0.0
     0.0     0.0     0.0     0.0     0.0     3.7     0.0     0.0     0.0     0.0
     0.0     0.0     0.0     0.0     3.2    29.5    38.8     9.9     0.4    29.8
     8.6     7.7     8.1    39.3    42.1   195.1   209.2   310.2    65.8     0.0
   486.0   458.8   457.7   534.2   585.3   443.8   361.9   448.7   370.7   628.2
   476.9   340.2   321.2   415.6   231.6   240.3   486.8   482.2   270.8   291.6
   257.0   132.6    24.7    12.9    10.5     4.8    52.7    25.2     5.1     2.0
     0.6    12.1    13.5     1.8     9.7    26.2    19.5     8.4    15.5    23.9
    17.9    17.3     8.1     2.8     0.0     0.0     0.0     0.0     0.0     0.4
     0.0     0.0     0.0     0.0     0.0     0.0     0.0     0.0     0.0     0.0
     0.0     0.0     0.0     0.7     0.0    14.1     3.9     0.0     0.0     2.9
     6.5    11.2     9.0    31.5    37.4   267.5   103.3    19.3     0.0     0.0
   267.3   413.1   301.9   526.4   533.5   385.0   339.7   487.3   288.6   426.0
   547.1   506.7   243.9   269.8   181.5   137.5   339.6   404.3   356.6   433.2
   320.3   214.3   128.4    13.7     5.3     3.2    22.8     3.2     1.9     2.8
     0.0     3.1     1.3    15.7    12.2    20.4     9.9     5.4     5.6    15.2
    22.9    15.0     5.1    14.8     0.0     0.0     0.0     0.0     2.6    14.2
     3.3     0.0    15.6     3.2    10.7     0.5     2.7     0.0     0.0     0.0
     0.0     0.0     0.0     0.0     0.0     0.0     0.0     0.0     0.0     2.8
     8.7     8.4     9.5    16.0    92.0   148.5     6.6     4.4    16.2     2.6
   186.4   164.5   266.8   578.2   512.9   335.2   196.4   244.7   232.1   132.6
   218.8   524.8   373.6   217.9   120.7   164.9   225.6   429.6   449.3   246.3
   208.3   216.7    62.5    13.6     4.0     7.8     2.6     2.5    13.2    47.8
     0.3    10.3     1.7    19.8    21.2     7.8     4.7     8.9     9.7     7.7
     5.0     6.2     3.4     4.9     9.2     0.4     0.0     0.0    26.9     7.8
     6.9    16.6    45.1     8.8     0.0    11.4     0.0     0.0     0.0     0.0
     0.0     0.0     0.0     0.0     0.0     0.0     0.0     0.0     0.2     6.2
    14.5     9.4    11.5    14.5    20.4    37.9    10.0    19.8    14.3    11.5
   136.3    90.2   330.2   400.4   258.9   451.9   171.2   178.7    73.8   119.9
   225.0   443.9   438.2   369.8   390.6   216.4   101.6   224.2   338.5   238.4
   183.1   269.2    13.5     4.5     1.9     2.9     0.3     2.5    62.2    20.7
     0.8     9.3     6.2    11.6    11.2    12.3     4.9     9.7     4.1     6.4
     7.6     2.6    12.1    16.9    13.0     4.5     1.4     2.8     9.3    22.9
    34.4    36.8    13.7     1.4    23.0    39.3     1.7     0.0     0.0     0.0
     0.0     0.0     0.0     0.0     0.0     0.0     0.1     0.0     3.3     7.9
     7.0     6.1     4.9     3.7    75.4    19.0    24.8    20.0    11.1     3.7
   448.0   163.3   221.9   274.8   145.0   441.9   411.6   362.2   240.4    69.8
   137.0   278.8   231.0   469.7   444.0   434.5    78.4   174.4   361.9   267.8
   313.9   131.0     7.2     2.7     2.5     2.0     2.1     3.9    31.6    32.4
     6.9     1.6     7.1    17.9     4.4     7.0     4.9     5.4     4.0     3.5
     3.5    15.4     9.4    24.3     8.7     3.8     1.8     2.3    11.8    24.6
    69.9    22.8     2.5     1.4     2.9    57.7     3.0     0.0     0.0     0.0
     0.0     0.0     0.0     0.0     0.0     0.0     0.0     0.0     3.1     7.1
     5.0     4.4     3.2     4.4    19.5    48.4    12.5    16.0     4.8     0.0
   472.9   233.7   173.5    79.2    90.5   294.6   219.7   394.5   395.6   246.5
   107.8   217.0   204.1   251.8   343.4   576.3   194.4   103.1   353.6   218.6
   105.0    47.1    58.6     2.7     3.1     1.0    26.5   150.1    53.6    72.4
     2.0    10.1     7.9    15.2     3.6     3.7     3.1     3.5     4.0     3.5
     4.5    11.2    12.2     7.4     4.4     7.0     3.7    23.2    39.1    40.8
    36.0    17.7     2.4     3.7     9.3    10.1     5.4     0.0     0.0     0.0
     0.0     0.0     0.0     0.0     0.0     0.0     0.0     0.0     4.3     5.0
     3.2     1.6     6.1     1.9    27.8    41.5    14.1     0.0     0.0     0.0
   382.5   526.2   430.4   392.4   105.1   195.4    65.7   106.1   112.8    54.3
    94.4    29.2    31.7    73.5   243.2   362.5   196.8    75.0    57.2   201.7
   158.6    31.2     9.9    11.1     0.3     1.3   100.5   312.9   158.5    19.4
     0.0     3.8    12.1    16.2     3.5     5.6     3.7     3.3     3.5     8.6
    10.2    18.4     5.5     5.1     8.4    12.9    48.8    26.2     8.9    31.6
    53.0    14.6    13.1     2.3     0.0     0.0     0.0     0.0     0.0     0.0
     0.0     0.0     0.0     0.0     0.0     0.0     0.0     0.0     5.8     4.4
     2.0     2.4     7.7     2.1     4.5    12.2     0.0     0.0     0.0     0.0
   304.8   399.4   231.5   218.3    84.9    43.6    38.2    71.5   148.2   101.7
   113.1   150.3   129.8    26.3   169.4   236.4    62.8    32.8    42.1   260.2
    57.3     3.4     3.4     2.6     0.6     2.5   219.7   237.4    60.4    18.5
    13.9     0.0     0.0     8.9     2.9     2.6     2.8     3.4     2.6    12.3
     3.5     3.5     3.4     3.3     4.8    13.9    41.7    21.0    23.0    21.7
    44.8    32.2    19.6     2.3    14.8    11.5     0.0     0.0     0.0     0.0
     0.0     0.0     0.0     0.0     0.0     0.0     0.0     0.0     0.7     1.8
     0.0     0.0     2.1     2.4    10.2    16.1     0.0     0.0     0.0     6.6
   152.5   129.3    65.3    33.6    47.7   119.0   309.5   353.3   468.8   490.5
   359.2   281.5    79.4    86.9   311.4   132.8    33.0    16.1    30.7   127.1
    32.2     6.3    10.3     1.7     0.0    38.8   282.4   202.2   109.2     8.1
     0.0     0.0     0.0     0.0     0.0     2.1     2.7     3.5     2.7     3.3
     2.5     2.6    10.7    16.0     7.7    41.4    25.8    15.4    25.0    13.4
    44.2    41.4    25.6     0.1     0.0     0.0     0.0     0.0     0.0     0.0
     0.0     0.0     0.0     0.0     0.0    23.2     9.3    19.8    18.4     0.6
     0.0     3.6     0.0     4.0    28.9    21.8     4.1     0.0     0.0     0.0
    35.8    24.3    16.0    77.1   223.8    90.4    58.6    68.6   180.4   337.2
   341.2   283.0   150.1    11.2    72.7    31.5    18.4    39.7   196.0    83.5
    13.9     3.1     4.9     2.4     0.5   192.7   102.0    69.4   110.4     9.7
     0.0     0.0     0.0     0.0     0.0     0.0     1.1     1.4     1.3     3.2
     3.3     2.5    15.6    41.7    18.9    48.0    30.8    14.1    13.3     8.6
     4.2     3.8     0.4    26.0     5.3    30.1     0.0     0.0     0.0     0.0
     0.0     0.0     0.0     0.0     0.6    40.5   157.8   130.9    35.7     0.1
     0.2     0.0    16.8    15.1    34.2    20.1     6.1     0.0     0.0     0.0
    25.8    15.9     9.3    32.3    14.4    11.5    18.2    18.7    12.4    15.9
    97.7   117.0   147.2    58.1     6.7     7.0     6.4    52.4   180.8    15.9
     3.9     3.4     6.4     0.0     6.4    49.2    36.0   158.3    29.4     0.8
     0.0     0.0     0.0     0.0     0.0     0.0     0.0     0.0     0.0     0.0
     0.0     3.0    38.8    49.7    45.0    23.5    17.1    17.8     4.5     8.2
     8.3     2.7    11.6    17.9     8.0     0.0     0.3     0.0     0.0     0.0
     0.0     0.0     0.0     8.8   129.7    20.9    16.2    63.4     4.0    46.7
    28.3    66.3    30.6    54.0    51.2    24.2    23.2    15.7     6.7     0.0
    11.7    22.6     7.0    12.2     8.1    27.5    18.4     7.0     6.1    17.2
    31.5    23.3    13.9     6.8    18.1     8.6    26.7   108.9    56.9     2.8
     2.3     8.8     7.5     0.0     3.2    39.3    18.6   110.4    16.9     0.0
     0.0     0.0     0.0     0.0     0.0     0.0     0.0     0.0     0.0     0.0
     0.0    15.7    26.5    34.2    25.4    20.7     7.5     6.6     3.6    10.3
     5.3     8.6    32.3    27.8    10.1     2.5     6.6     0.0     0.0     0.0
     0.0     0.0     0.0    11.4    57.8     0.0     0.5     0.8     1.3    24.2
    29.8     6.2    42.1    47.2    45.2    27.7    59.6    19.9     3.8    20.1
     7.0    10.6     6.0     4.4    12.5    23.5    26.4     4.8     4.2    19.0
    22.0     7.2     7.4     7.7     6.3    11.4     2.1    15.1     7.8     0.8
     0.0     0.0     0.6     3.5    29.9    25.0     9.3    76.7     1.6     0.0
     0.0     0.0     0.0     0.0     0.0     0.0     0.0     0.0     0.0     0.0
    18.5    26.9     8.2     4.9    14.1    21.8     6.0    20.5    17.1    19.0
    22.6    23.4    42.5    12.8     8.7    18.5     0.7     0.0     0.0     0.1
     0.0     0.0     0.0    19.7     0.0     0.5     2.1     1.6    26.8    24.5
    22.8    14.2    21.4    25.8    43.3    31.5    49.9    22.8     6.7    22.2
     7.1     6.0     7.2     5.0     9.5    17.1    18.7     8.2     8.9    18.5
    18.3     5.3     6.8     4.2     5.7     3.3     1.2    20.4     0.2     0.0
     0.0     0.0     0.9     4.7    29.6    71.0    14.4    10.1    18.4     0.0
     0.0     0.0     0.0     0.0     0.0     0.0     0.0     0.0     0.0     0.0
    26.8    15.8     2.8     3.4    12.3     4.2     6.9     6.2    31.9    25.9
    23.9    22.4    21.4     8.2    29.9    40.1     5.0     0.0     0.0     3.1
     0.0     0.0     0.0     0.0     0.0     0.0   127.4     1.3    20.9    74.1
    37.2    45.2    24.1    18.2    11.7    65.6     6.4     0.0     0.0     0.0
     8.3     7.8     6.1     7.3     4.2    10.4    19.3     6.7     7.4    17.6
    20.6     7.5     3.9     6.5     2.8     2.5     0.0     0.0     0.0     0.0
     0.0     0.0     4.6     3.3     6.2    15.1     5.3     8.7    18.8     0.0
     0.0     0.0     0.0     0.0     0.0     0.0     0.0     0.0     0.0     0.0
     5.1     5.4     2.1     2.1     2.6     2.0    17.9     9.3    32.2    16.5
    10.2     9.7     2.0    12.9     3.6    35.7    96.3    34.3   243.3    11.6
     0.0     0.0     0.0     0.0     7.0    16.7     3.4    35.2    25.4    71.3
    39.9    49.7    34.2     9.3     3.5     0.0     0.0     0.0     0.0     0.0
     7.4     3.9     5.4     5.2     8.5     9.4    13.9     6.8     5.9    21.4
     8.3     6.7     3.3     1.0     0.0     0.0     0.0     0.0     0.0     0.0
     0.0     0.0     6.3     3.7     4.2    22.4     3.0     4.3    10.1     0.0
     0.0     0.0     0.0     0.0     0.0     0.0     0.0     0.0     0.0     0.0
    17.8     1.9     0.0     1.1     0.0    14.7    17.7    30.2    29.7    17.9
     2.6     1.8     5.3     0.0     0.0    26.2    37.6    30.2    15.9     8.3
     0.0     0.0    19.0     0.0     5.5     7.4     1.3     9.5     9.2    34.8
     5.3    39.0    28.8     7.3     0.0     0.0    23.0     0.0     0.0     0.0
     5.2     4.8     5.6     6.0     6.0     7.8     7.2     5.0     5.5     7.3
     4.2     2.8     0.0     0.0     0.0     0.0     0.0     0.0     0.0     0.0
     0.0     0.0     3.1     4.5     4.0    10.9     5.1     4.4     3.9     3.5
     0.0     0.0     0.0     0.0     0.0     0.0     0.0     0.0     0.0     0.6
    12.6     0.0     0.0     0.0     0.0    32.4    23.1    27.1    23.6     8.6
     1.1     0.0     0.0     0.0    33.6     5.0    50.2     2.2     0.8     0.0
     0.0     0.0     0.0     0.0     4.7     0.0    26.1    17.6    30.1    21.5
     3.2    10.7     0.0     0.0     0.0     0.0     2.4     0.0     0.0     0.0
     4.6     4.5     3.8     4.7     5.8     5.1     3.4     9.4     7.9     3.6
     2.4     0.0     0.0     0.0     0.0     0.0     0.0     0.0     0.0     0.0
     0.0     0.0     0.9     4.1     4.5    16.9    12.6     3.1     1.0     7.4
     0.7     0.0     0.0     0.8     0.0    15.6     0.0     0.0     0.0    10.6
     0.0     0.0     0.0     0.0     0.0     1.9    22.8    11.1    10.9     0.0
     0.0     0.0     0.0     0.0     1.3     3.1    10.6    60.5     0.0     9.7
     5.2     0.0     0.0     0.0     0.0     0.0     0.0    14.9    18.3    17.5
     5.7     0.0     0.0     0.0     0.0     0.0     0.0     0.0     0.0     0.0
     7.2     4.9     4.6     3.4     3.8     4.5     5.6     7.2     5.7     3.2
     0.5     0.0     0.0     0.0     0.0     0.0     0.0     0.0     0.0     0.0
     0.0     0.0     0.0     0.0     4.6     5.9     5.1     0.0     0.0     0.0
     0.0     0.0     0.0     0.0     0.0     0.0     0.0     0.0     0.0     0.9
     0.0     0.0     0.0     0.0     0.0     0.0     2.0     3.6    17.9    17.8
     0.0    11.7     0.1     0.0    10.1   115.8    14.1    55.4   127.9   227.1
    27.8     0.0    36.5     0.0     0.0     0.0     0.0     0.0     6.7     3.8
     7.9     0.0     1.7     0.0     0.0     0.0     0.0     0.0     0.0     0.0
     4.5     4.6     3.7     5.1     3.0     3.1     4.2     3.4     3.9     3.1
     0.0     0.0     0.0     0.0     0.0     0.0     0.0     0.0     0.0     0.0
     0.0     0.0     0.0     0.0     4.7     5.8     3.8     0.0     0.0     0.0
     0.0     0.4     0.0     0.0     0.0     0.0     0.0     0.0     0.0     0.0
     0.0     0.0     0.0     0.0     0.0     0.0     7.3     9.7     7.7     1.1
     8.8     0.5    13.6     0.0    38.6    44.2    20.2    36.2   212.5   270.2
    93.3     3.7    17.4     0.0     0.0     0.0     0.0     0.0     0.0     0.0
    29.8    12.8    44.6    28.9     0.0     0.0     0.0     0.0     0.0     0.0
     3.9     6.3     4.5     5.1     6.5     4.1     3.6     1.7     3.2     3.1
     0.0     0.0     0.0     0.0     0.0     0.0     0.0     0.0     0.0     0.0
     0.0     0.0     0.0     0.0     0.0     0.0     0.0     0.0     0.0     0.0
     0.0     0.0     0.0     0.0     0.0     0.0     0.0     0.0     0.0     0.0
     0.0     0.0     0.0     0.0     0.0     0.0     0.0    16.6     4.9     0.6
     0.0    59.9    39.8     0.0     0.8    95.2    79.9   140.3   216.9   181.1
    85.7     0.3     0.0     0.0     0.0     0.0     0.0     0.0     0.0     0.0
     0.0    13.8    27.4     0.0     0.0     0.0     0.0     0.0     0.0     0.0
     3.8     6.5     3.9     4.0     7.3     6.3     3.8     4.9     1.7     2.9
     0.0     0.0     0.0     0.0     0.0     0.0     0.0     0.0     0.0     0.0
     0.0     0.0     0.0     0.0     0.0     0.0     0.0     0.0     0.0     0.0
     0.0     0.0     0.0     0.0     0.0     0.0     0.0     0.0     0.0     0.0
     0.0     0.0     0.0     0.0     0.0     0.0     0.0    11.1     1.0    16.5
     8.9    29.9     0.0     0.0     0.0    29.0    47.9    62.1   126.2    35.6
    22.0     0.0    13.6     0.0     0.0     0.0     0.0     0.0     0.0     0.0
     0.0     0.6     0.0     0.0     0.0     0.0     0.0     0.0     0.0     0.0
     4.5     4.6     4.5     4.3     4.4     3.8     4.6     5.7     4.6     1.9
     0.0     0.0     0.0     0.0     0.0     0.0     0.0     0.0     0.0     0.0
     0.0     0.0     0.0     0.0     0.0     0.0     0.0     0.0     0.0     0.0
     0.0     0.0     0.0     0.0     0.0     0.0     0.0     0.0     0.0     0.0
     0.0     0.0     0.0     0.0     0.0     0.0     0.0    29.8    36.5    37.3
    61.4     0.2     0.0     0.0     0.6     0.0    60.0   104.8    81.8    42.1
    29.7    39.0     0.0     0.0     0.0     0.0     0.0     0.0     0.0     0.0
     0.0     0.0     0.0     0.0     0.0     0.0     0.0     0.0     0.0     0.0
     4.9     5.6     6.0    10.1     7.0     4.4     3.9     3.7     3.3     2.8
     1.5     0.3     0.0     0.0     0.0     0.0     0.0     0.0     0.0     0.0
     0.0     0.0     0.0     0.0     0.0     0.0     0.0     0.0     0.0     0.0
     0.0     0.0     0.0     0.0     0.0     0.0     0.0     0.0     0.0     0.0
     0.0     0.0     0.0     0.0     0.0    22.0    16.2     3.6     0.0    23.8
    18.9     0.0     0.0     0.0    34.3     0.0     4.0    75.6    86.1   135.6
     1.4     9.8     0.0     0.0     0.0     0.0    16.6     0.1     9.9     0.0
     0.0     0.0     0.0     0.0     0.0     0.0     0.0     0.0     0.0     0.0
     5.4     5.6     7.9    14.8    15.9     3.9     4.5     4.9     5.0     9.8
     3.2     6.3     1.0     0.0     0.0     0.0     0.0     0.0     0.0     0.0
     0.0     0.0     0.0     0.0     0.0     0.0     0.0     0.0     0.0     0.0
     0.0     0.0     0.0     0.0     0.0     0.0     0.0     0.0     0.0     0.0
     0.0     0.0     2.2     0.0    13.8    23.5     0.0     0.0     0.0    30.0
     3.5     0.0     0.0     0.0     0.1     0.0     6.0    58.0    46.7    19.4
     0.8     0.0     0.0     0.0     0.0     0.0   102.9   126.8    56.0     0.7
     0.0     0.0     0.0     0.0     0.0     0.0     0.0     0.0     0.0     0.0
     5.0    16.4    11.0    18.9    10.9     4.6     4.7     4.3     4.1    28.3
     3.6    12.6     0.0     0.0     0.0     3.6     1.9     0.0     0.0     0.0
     0.0     0.0     0.0     0.0     0.0     0.0     0.0     0.0     0.0     0.0
     0.0     0.0     0.0     0.0     0.0     0.0     0.0     0.0     0.0     0.0
     0.0     0.0     0.0     0.0     0.0     0.0     0.0     0.0     0.0     0.0
     0.0     0.0     0.0     0.0     0.0     0.0     3.1     2.5     1.8     1.9
    18.2    26.2     0.0     0.0     0.0     0.0    33.0     5.8     0.4     0.0
     0.0     0.0     0.0     0.0     0.0     0.0     0.0     0.0     0.0     0.0
    31.5    57.4    38.2     8.3     7.6     4.8     5.3    20.1     3.9    13.3
    19.0     8.6     2.2     1.3     0.1     2.0     8.2     2.1     0.0     0.0
     0.0    51.8     8.9     0.0     0.0     0.0     0.0     0.0     0.0     0.0
     0.0     0.0     0.0     0.0     0.0     0.0     0.0     0.0     0.0     0.0
     0.0     0.0     0.0     2.8     0.0     0.0     0.0     0.0     0.0     0.0
     0.0     0.0     0.0     0.0     0.0     1.3    31.9    24.6    91.8    82.8
    18.6     0.0     0.0     0.0     0.0     6.3     0.0     0.0     0.0     0.0
     0.0     0.0     0.0     0.0     0.0     0.0     0.0     0.0     0.0     0.0
    12.6    37.9    24.0     4.1     7.6    11.4    89.2    10.9    13.2    14.3
    31.1     5.0    23.9    31.3     1.4     1.4    14.3     0.0     0.0     0.0
     0.0     0.0     0.0     0.0     0.0     0.0     0.0     0.0     0.0     0.0
     0.0     0.0     0.0     0.0     0.0     0.0     0.0     0.0     0.0     0.0
     0.0     0.0     0.0    84.2     1.6     0.0     0.0     0.0     0.0     0.0
     0.0     0.0     0.0     0.0     0.0    33.4     5.0     0.0     0.4     0.0
     0.0     0.0     0.0     0.0     0.0     4.3     6.5     0.0     0.0     0.0
     0.0     0.0     0.0     0.0     0.0     0.0     0.0     0.0     0.0     0.0
    26.2    22.1    10.9    14.2     8.0    10.3    16.6    32.4    19.1    26.5
    15.3     8.7     8.7    14.6     3.0    13.1    33.5    42.9     0.0     0.0
     0.0     0.0     0.0     0.0     0.0     0.0     0.0     0.0     0.0     0.0
     0.0     0.0     0.0     0.0     0.0     0.0     0.0     0.0     0.0     0.0
     0.0     0.0     1.5     3.1    19.5     0.0     0.0     0.0     0.0     0.0
     0.0     0.0     0.0     0.0     0.0     1.1     0.0     0.0     0.0     2.0
     0.0     0.0     0.0     0.0     7.9     6.9     0.0     0.0     0.0     0.0
     0.0     0.0     0.0     0.0     0.0     0.0     0.0     0.0     0.0     0.0
    27.0    17.1    28.4    40.4    15.0     4.4     3.9    12.6    21.1    66.4
    26.5    17.7    30.6    13.6     4.1    21.6    55.0    25.6     0.0     0.0
     0.0     0.0     0.0     0.0     1.0     0.0     0.0     0.0     0.0     0.0
     0.0     0.0     0.0     0.0     0.0     0.0     0.0     0.0     0.0     0.0
     0.0     0.0     0.0     0.8     0.0     0.0     0.0     0.0     0.0     0.0
     0.0     0.0     0.0     0.0     0.0     0.0     0.0     0.0     0.0     0.0
     0.0     0.0     0.0     0.0     0.0    15.6    12.6     0.0     0.0     0.0
     0.0     0.0     0.0     0.0     0.0     0.0     0.0     0.0     0.0     0.0
    28.4    29.3    31.3    19.3    13.3    20.1    22.0     8.4    14.6    22.3
   187.6    94.2    22.1    10.9     6.9    28.6    38.6    38.4     7.5     0.0
     0.0    10.2     3.1     0.0     0.2    18.5     0.0     0.0     0.0     4.0
     6.4     0.0     0.0     0.0     0.0     0.0     0.0     0.0     0.0     0.0
     0.0     0.0     0.0     0.0     0.0     0.0     0.0     0.0     0.0     0.0
     0.0     0.0     0.0     0.0     0.0     0.0     0.0     0.0     0.0     0.0
     0.0     0.0     0.0     0.0     0.0     0.0     0.0     0.0     0.0     0.0
     0.0     0.0     0.0     0.0     0.0     0.0     0.0     0.0     0.0     0.0
    10.9    25.3    29.0    17.5    15.6    21.1    19.2    17.6    32.9    44.9
   115.5   124.8    20.4    14.5    20.5     9.6    12.0    20.3     7.1     0.0
     0.0     1.2    49.1    28.2     4.7    83.3     0.0     0.0     0.0     0.0
     0.0     0.0     0.0     0.0     0.0     0.0     0.0     0.0     0.0     0.0
     0.0     0.0     0.0     8.4     0.0     0.0     0.0     0.0     0.0     0.0
     0.0     0.0     0.0     0.0     0.0     0.0     0.0     0.0     0.0     0.0
     0.0     0.0     0.0     0.0     0.0     0.0     0.0     0.0     0.0     0.0
     0.0     0.0     2.9     0.0     0.0     0.0     0.0     0.0     0.0     0.0
     6.2    28.8    25.7    37.8    29.5    15.9    13.7    12.6    18.3    65.5
    31.8    28.4    10.2    12.9    15.0     3.1     2.5     1.0     0.0     0.0
     1.4     5.2   124.7   174.2   100.2    54.9     4.8     0.0     0.0     0.0
     0.0     0.0     0.0     0.0     0.0     0.0     0.0     0.0     0.0     0.0
     0.0     0.0     0.0     0.0     0.0     0.0     0.0     0.0     0.0     0.0
     0.0     0.0     0.0     0.0     0.0     0.0     0.0     0.0     0.0     0.0
     0.0     0.0     0.0     0.0     0.0     0.0     0.0     0.0     0.0     0.0
     8.0     0.0     2.6     0.7     0.0     0.0     0.0     0.0     0.0     0.0
     6.1    17.5     9.7    20.4    15.9    24.2    20.5     4.7     6.6    14.6
    10.5     6.7    17.7    17.2    12.7     3.0     0.0     0.0     0.0     0.0
     4.4    72.9   108.5   140.0   222.6   150.4    99.8     6.7     0.0     0.0
     0.0     0.0     0.0     0.0     0.0     0.0     0.0     0.0     0.0     0.0
     0.0     0.0     0.0     0.0     0.0     0.0     0.0     0.0     0.0     0.0
     0.0     0.0     0.0     0.0     0.0     0.0     0.0     0.0     0.0     0.0
     0.0     0.0     0.0     0.0     0.0     0.0     0.0     0.0     0.0     0.0
     0.0     0.0     0.0     0.0     0.0     0.0     0.0     0.0     0.0     0.0
     2.7    10.5     5.0    14.0    32.5    35.5    13.4    10.2     5.9    14.0
     4.3     3.5     8.3    23.6    11.2     9.2     0.1     0.0     0.3    52.3
    20.6   144.8   220.5   261.8   324.5   252.7   227.5    82.2    18.6     1.3
     0.0     0.0     0.0     0.0     0.0     0.0     0.0     0.0     0.0     0.0
     0.0     0.0     0.0     0.0     0.0     0.0     0.0     0.8     3.0     0.0
     0.0     0.0     0.0     0.0     0.0     0.0     0.0     0.0     0.0     0.0
     0.0     0.0     0.0     0.0     0.0     0.0     0.0     0.0     3.6     0.0
     0.0     0.0     0.0     0.0     0.0     0.0     0.0     0.0     0.0     0.0
     3.6     1.4    14.1    24.6    15.6    15.3    40.6     7.7     4.3     6.1
     5.1    13.0    17.9     9.2    10.4    17.0     2.5     0.0     1.3    21.7
    61.7    91.8   147.3   293.7   314.5   307.1   264.6    72.6    12.1     7.4
     3.2     0.1     0.0     0.0     0.0     0.0     0.0     0.0     0.0     0.0
     0.0     0.0     0.0     0.0     0.0     0.0     0.0    12.5    22.8     0.0
     0.0     0.0     0.0    16.9     0.0     0.0     0.0     0.0     0.0     0.0
     0.0     0.0     0.0     0.0     0.0     0.0     0.0     0.0     0.0     0.0
     0.0     0.0     0.0     0.0     0.0     0.0     0.0     0.0     0.0     0.0
     1.5     2.9    27.8    15.5    14.2    22.4    21.2     3.4     4.1     4.4
     2.8     3.1     7.2     3.6    30.5    11.4     8.0     2.1     2.3    11.9
    74.5   114.4   208.0   186.7   147.9   167.6    51.2    34.1    25.3    13.6
    23.7    21.3    24.4     1.4     0.0     0.0     0.0     0.0     0.0     0.0
     0.0     0.0     0.0     0.0     3.0     0.0     0.0     0.0     0.0     0.0
     0.0     0.0     0.0     0.0     0.0     0.0     0.0     0.0    10.7     7.0
     0.0     0.0     1.4     0.0     0.0     0.0     0.0     0.0     0.0     0.0
     0.0     0.0     0.0     0.0     0.0     0.0     0.0     0.0     0.0     0.0
     3.5    21.9    20.3     3.7    25.1    18.5     3.5     3.4     4.7     4.7
     3.0     2.9     2.7     3.2     5.4     4.2    22.3    10.0     9.3    23.3
    20.7    37.4    34.7    30.5    37.4    40.8    12.2    21.3    15.8    16.0
    20.7    23.2     6.1     0.0     0.0     1.5     0.0     0.0     0.0     0.0
     0.0     0.0     0.0    24.3     0.4     0.0     0.0     0.0     0.0     0.0
     0.0     0.0     0.0     0.0     4.4     0.0     0.0     0.0     0.0     0.0
     0.0     0.0     0.0     0.0     0.0     0.0     0.0     0.0     0.0     0.0
     0.0     0.0     0.0     0.0     0.0     0.0     0.0     0.0     0.0     0.0
    10.2     9.2     9.0     3.5    11.6    19.4     6.5    21.3    85.5     3.2
     2.1     2.8     3.3     7.9     5.2     3.6    17.5    39.0    16.9    38.0
    31.4    24.4    17.3    10.9    23.2    10.4    15.4    15.9     8.2     6.6
     3.1     0.0     0.0     0.0     0.0     0.0     0.0     0.0     0.0     0.0
     0.0     0.0     9.6    16.9     0.4     1.9     0.0     0.0     0.0     0.0
     0.0     0.0     0.0     0.0     0.0    12.5     0.0     0.0     0.0     0.0
     0.0     0.0     0.0     0.0     0.0     0.0     0.0     0.0     0.0     0.0
     0.0     0.0     0.0     0.0     0.0     0.0     0.0     0.0     0.0     0.0
     2.3    14.5     3.0     5.2    10.2    30.6     7.7     3.5     2.5     2.7
     2.5     2.6     2.7     2.9     3.8     6.3    57.2    68.2    47.7    24.2
    21.8    24.7    62.9     5.5     2.4     0.0     7.7     0.0     6.6     0.0
     0.0     0.0     0.0     0.0     0.0     0.0     0.0     0.0     0.0     0.0
    27.4     0.0    36.8    16.0    11.2     0.8     0.0     0.0     0.0     0.0
     0.0     0.0     0.0     0.0     0.0     0.0     0.0     0.0     0.0     2.9
    41.8     0.0     0.0     0.0     0.0     0.0     0.0     0.0     0.0     0.0
     0.0     0.0     0.0     0.0     0.0     0.0     0.0     0.0     0.0     0.0
     0.0     0.0     0.0     0.5    11.4    35.7    32.0     9.6     2.5     1.4
     2.0     0.1     2.8     3.5     5.0     7.6    66.9   101.0    40.9    25.2
    16.0    11.4     6.9    24.5    38.4     0.0     0.0     0.0     0.0     0.0
     0.0     0.0     0.0     0.0     0.0     0.0     0.0     0.0     0.0     0.0
     0.0    33.7    63.6    28.8     8.3     0.0     0.0     0.0     0.0     0.0
     0.0     0.0     0.0     0.0     0.0     0.0     0.0     0.0     0.0     0.0
     0.0     0.0     0.0     0.0     0.0     0.0     0.0     0.0     0.0     0.0
     0.0     0.0     0.0     0.0     0.0     0.0     0.0     0.0     0.0     0.0
     0.0     0.0     0.0     0.0     4.2    22.8    14.6    22.8     0.0     0.0
     0.0     2.0     3.2    10.5   178.0   143.3   112.0    56.1    25.1    15.8
    27.4    17.0    30.2    20.8    13.6     0.0     0.0     0.0     0.0     0.0
     0.0     0.0     0.0     0.0     0.0     0.0     0.0     0.0     0.0     0.0
     0.0    19.8    48.6    19.2    18.8     6.7     0.0     0.0     0.0     0.0
     0.0     0.0     0.0     0.0     0.0     0.0     0.0     0.0     0.0     0.0
     0.0     0.0     0.0     0.0     0.0     0.0     0.0     0.0     0.0     0.0
     0.0     0.0     0.0     0.0     0.0     0.0     0.0     0.0     0.0     0.0
     0.0     0.0     0.0     1.7    14.8    39.7    21.1     0.0     0.0     0.0
     0.8     6.9    14.4   179.4   268.9   190.2   100.8    54.2    24.7    18.5
    18.3    22.3    44.2    29.1    48.0     3.0     0.0     0.0     0.0     0.0
     0.0     0.0     0.0     0.0     0.0     0.0     0.0     0.0     0.0     0.0
    12.3    26.0    20.0     7.3     5.1     3.8     3.8     7.0     0.0     0.0
     6.0     0.0    12.2    11.7     0.0     0.0     0.0     0.0     0.0     0.0
     0.0     0.0     0.0     0.0     0.0     0.0     0.0     0.0     0.0     0.0
     0.0     0.0     0.0     0.0     0.0     0.0     0.0     0.0     0.0     0.0
     0.0     0.0     0.0     4.7    13.7    27.4    19.3     0.0     0.0     0.0
     0.0     0.9     8.3    69.0   173.9    74.7    64.8    32.8     6.9     2.6
    16.7    28.9    33.3    37.4    35.2     9.7     0.0     0.0     0.0     0.0
     0.0     0.0     0.0     0.0     0.0     0.0     0.0     0.0     0.0     0.0
     0.0     0.0     0.0     0.0    24.3     1.2     0.0     3.2    15.0     8.5
    51.5     0.0     4.6     0.0     0.0     1.0     0.0     0.0     0.0     0.0
     0.0     0.0     0.0     0.0     0.0     0.0     0.0     0.0     0.0     0.0
     0.0     0.0     0.0     0.0     0.0     0.0     0.0     0.0     0.0     0.0
     0.0     0.0     0.0     3.5    14.2     1.1     0.0     0.0     0.0     0.0
     0.0     0.0     2.1    59.1   125.4   116.4    56.1     5.4     3.2     2.9
     5.2    20.3    27.2    42.2    30.4    26.9     0.0     0.0     0.0     0.0
     0.0     0.0     0.0     0.0     0.0     0.0     0.0     0.0     0.0     0.0
     0.0     0.0     0.0     0.0     0.1     0.0     0.0     3.9     2.4     3.7
     0.4     5.4     0.0     0.0     0.0     0.0     0.0     0.0     0.0     0.0
     0.0     0.0     0.0     0.0     0.0     0.0     0.0     0.0     0.0     0.0
     0.0     0.0     0.0     0.0     0.0     0.0     0.0     0.0     0.0     0.0
     0.0     0.0     0.0    40.6     3.1     0.0     0.9     0.0     0.0     0.0
     0.0     0.0     0.0     3.0    49.5    65.8     0.9     0.0     0.0     0.0
     2.3     8.5     9.0    55.3    15.4     0.0     0.0     0.0     0.0     0.0
     0.0     0.0     0.0     0.0     0.0     0.0     0.0     0.0     0.0     0.0
     0.0     0.0     0.0     0.0     0.0     0.0     0.0    27.8    26.3    55.8
    55.5     0.0     0.0     0.0     0.0     0.0     0.0     0.0     0.0     0.0
     0.0     0.0     0.0     0.0     0.0     0.0     0.0     0.0     0.0     0.0
     0.0     0.0     0.0     0.0     0.0     0.0     0.0     0.0     0.0     0.0
     0.0     0.0     0.9    21.2    12.6     0.5     0.0     0.0     0.0     0.0
     0.0     0.0     0.0     0.0     0.0     0.0     0.0     0.0     0.0     0.0
     0.0     0.0     0.0    21.7     0.0     0.0     0.0     0.0     0.0     0.0
     0.0     0.0     0.0     0.0     0.0     0.0     0.0     0.0     0.0     0.0
     0.0     0.0     0.0     0.0     0.0     0.0     0.0     0.0    24.8   106.3
    65.6     2.2     0.0     0.0     0.0     0.0     0.0     0.0     0.0     0.0
     0.0     0.0     0.0     0.0     0.0     0.0     0.0     0.0     0.0     0.0
     0.0     0.0     0.0     0.0     0.0     0.0     0.0     0.0     0.0     0.0
     0.0     0.0     5.9    20.6     8.0     7.3     4.1    18.6    33.0    22.0
     0.0     0.0     0.0     0.0     0.0     0.0     0.0     0.0     0.0     0.0
     0.0     0.0     0.0     0.0     0.0     0.0     0.0     0.0     0.0     0.0
     0.0     0.0     0.0     0.0     0.0     0.0     0.0     0.0     0.0     0.0
     0.0     0.0     0.0     0.0     0.0     0.0     0.0     0.0     1.8     0.0
     0.0     0.0     0.0     0.0     0.0     0.0     0.0     0.0     0.0     0.0
     0.0     0.0     0.0     0.0     0.0     0.0     0.0     0.0     0.0     0.0
     0.0     0.0     0.0     0.0     0.0     0.0     0.0     0.0     0.0     0.0
    14.7    16.9     6.4    10.6     2.9     9.2    16.6    17.9    28.8     9.2
     0.0     0.2     0.0     0.0     0.0     0.0     0.0     0.0     0.0     0.0
     0.0     0.0     0.0     0.0     0.0     0.0     0.0     0.0     0.0     0.0
     0.0     0.0     0.0     0.0     0.0     0.0     0.0     0.0     0.0     0.0
     0.0     0.0     0.0     0.0     0.0     0.0     0.0     0.0     0.0     0.0
     0.0     0.0     0.0     0.0     0.0     0.0     0.0     0.0     0.0     0.0
     0.0     0.0     0.0     0.0     0.0     0.0     0.0     0.0     0.0     0.0
     0.0     0.0     0.0     0.0     0.0     0.0     0.0     0.0     0.0     0.0
    16.6     2.5     1.5     1.9     2.5     6.6     5.4    44.2    35.0     0.2
     0.0    19.8     0.0     0.0     0.0     0.0     0.0     0.0     0.0     0.0
     0.0     0.0     0.0     0.0     0.0     0.0     0.0     0.0     0.0     0.0
     0.0     0.0     0.0     0.0     0.0     0.0     0.0     0.0     0.0     0.0
     0.0     0.0     0.0     0.0     0.0     0.0     0.0     0.0     0.0     0.0
     0.0     0.0     0.0     0.0     0.0     0.0     0.0     0.0     0.0     0.0
     0.0     0.0     0.0     0.0     0.0     0.0     0.0     0.0     0.0     0.0
     0.0     0.0     0.0     0.0     0.0     0.0     0.0     0.0     0.0     0.0
     7.2     0.9     0.7     1.0     2.5    13.0     1.9    47.7    44.9    14.6
    20.3    49.6     0.0     0.0     0.0     0.0     0.0     0.0     0.0     0.0
     0.0     0.0     0.0     0.0     0.0     0.0     0.0     0.0     0.0     0.0
     0.0     0.0     0.0     0.0     0.0     0.0     0.0     0.0     0.0     0.0
     0.0     0.0     0.0     0.0     0.0     0.0     0.0     0.0     0.0     0.0
     0.0     0.0     0.0     0.0     0.0     0.0     0.0     0.0     0.0     0.0
     0.0     0.0     0.0     0.0     0.0     0.0     0.0     0.0     0.0     0.0
     0.0     0.0     0.0     0.0     0.0     0.0     0.0     0.0     0.0     0.0
    21.2     0.9     0.0     1.6    20.8     7.1     1.4     1.1     3.8     0.5
     1.1    60.4     0.0     0.0     0.0     0.0     0.0     0.0     0.0     0.0
     0.0     0.0     0.0     0.0     0.0     0.0     0.0     0.0     0.0     0.0
     0.0     0.0     0.0     0.0     0.0     0.0     0.0     0.0     0.0     0.0
     0.0     0.0     0.0     0.0     0.0     0.0     0.0     0.0     0.0     0.0
     0.0     0.0     0.0     0.0     0.0     0.0     0.0     0.0     0.0     0.0
     0.0     0.0     0.0     0.0     0.0     0.0     0.0     0.0     0.0     0.0
     0.0     0.0     0.0     0.0     0.0     0.0     0.0     0.0     0.0     0.0
     9.8    25.3     0.0     0.0     0.0     0.2    23.0     0.0     1.3     0.3
     0.0     0.1     0.0     0.0     0.0     0.0     0.0     0.0     0.0     0.0
     0.0     0.0     0.0     0.0     0.0     0.0     0.0     0.0     0.0     0.0
     0.0     0.0     4.6     4.2     0.0     0.0     0.0     0.0     0.0     0.0
     0.0     0.0     0.0     0.0     0.0     0.0     0.0     0.0     0.0     0.0
     0.0     0.0     0.0     0.0     0.0     0.0     0.0     0.0     0.0     0.0
     0.0     0.0     0.0     0.0     0.0     0.0     0.0     0.0     0.0     0.0
     0.0     0.0     0.0     0.0     0.0     0.0     0.0     0.0     0.0     0.0
     0.0     1.5     0.0     4.6     0.0     0.0    43.6     0.0     0.0     0.0
     0.0     0.0     0.0     0.0     0.0     0.0     0.0     0.0     0.0     0.0
     0.0     0.0     0.0     0.0     0.0     0.0     0.0     0.0     0.0     0.0
     0.0     0.0     0.0     0.0     0.0     0.0     0.0     0.0     0.0     0.0
     0.0     0.0     0.0     0.0     0.0     0.0     0.0     0.0     0.0     0.0
     0.0     0.0     0.0     0.0     0.0     0.0     0.0     0.0     0.0     0.0
     0.0     0.0     0.0     0.0     0.0     0.0     0.0     0.0     0.0     0.0
     0.0     0.0     0.0     0.0     0.0     0.0     0.0     0.0     0.0     0.0
     0.0     1.8     0.0     3.3     0.0     0.0     0.0     0.0     0.0     0.0
     0.0     7.3     0.0     0.0     0.0     0.0     0.0     0.0     0.0     0.0
     0.0     0.0     0.0     0.0     0.0     0.0     0.0     0.0     0.0     0.0
     0.0     0.0     0.0     0.0     0.0     0.0     0.0     0.0     0.0     0.0
     0.0     0.0     0.0     0.0     0.0     0.0     0.0     0.0     0.0     0.0
     0.0     0.0     0.0     0.0     0.0     0.0     0.0     0.0     0.0     0.0
     0.0     0.0     0.0     0.0     0.0     0.0     0.0     0.0     0.0     0.0
     0.0     0.0     0.0     0.0     0.0     0.0     0.0     0.0     0.0     0.0
     0.0     0.0     0.0     0.0     0.0     0.0     0.0     0.0     0.0     0.0
     4.5    12.1     0.0     0.0     0.0     0.0     0.0     0.0     0.0     0.0
     0.0     0.0     0.0     0.0     0.0     0.0     0.0     0.0     0.0     0.0
     0.0     0.0     0.0     0.0     0.0     0.0     0.0     0.0     0.0     0.0
     0.0     0.0     0.0     0.0     0.0     0.0     0.0     0.0     0.0     0.0
     0.0     0.0     0.0     0.0     0.0     0.0     0.0     0.0     0.0     0.0
     0.0     0.0     0.0     0.0     0.0     0.0     0.0     0.0     0.0     0.0
     0.0     0.0     0.0     0.0     0.0     0.0     0.0     0.0     0.0     0.0
     0.0     0.0     0.0     0.0     0.0     0.0     0.0     0.0    26.0    15.7
     7.0     0.0     0.0     0.0     0.0     0.0     0.0     0.0     0.0     0.0
     0.0     0.0     0.0     0.0     0.0     0.0     0.0     0.0     0.0     0.0
     0.0     0.0     0.0     0.0     0.0     0.0     0.0     0.0     0.0     0.0
     0.0     0.0     0.0     0.0     0.0     0.0     0.0     0.0     0.0     0.0
     0.0     0.0     0.0     0.0     0.0     0.0     0.0     0.0     0.0     0.0
     0.0     0.0     0.0     0.0     0.0     0.0     0.0     0.0     0.0     0.0
     0.0     0.0     0.0     0.0     0.0     0.0     0.0     0.0     0.0     0.0
